,Unnamed: 0,amount,change,close,high,low,open,pct_chg,pre_close,trade_date,ts_code,vol
0,,20519.094,0.040000000000000924,10.22,10.27,10.12,10.2,0.3929,10.18,20200403,000885.SZ,20127.45
1,,21312.096,0.14000000000000057,10.18,10.2,9.94,10.04,1.3944,10.04,20200402,000885.SZ,21176.34
2,,21794.752,-0.010000000000001563,10.04,10.25,10.04,10.15,-0.0995,10.05,20200401,000885.SZ,21489.16
3,,23073.981,-0.1399999999999988,10.05,10.3,10.05,10.27,-1.3739,10.19,20200331,000885.SZ,22738.01
4,,36762.433,-0.28000000000000114,10.19,10.32,10.0,10.32,-2.6743,10.47,20200330,000885.SZ,36322.01
0,0.0,19407.91,0.0,10.47,10.6,10.44,10.54,0.0,10.47,20200327,000885.SZ,18451.95
1,1.0,26378.885,-0.08999999999999986,10.47,10.65,10.43,10.48,-0.8523,10.56,20200326,000885.SZ,25078.0
2,2.0,35326.521,0.13000000000000078,10.56,10.63,10.44,10.56,1.2464,10.43,20200325,000885.SZ,33504.51
3,3.0,37605.39,0.3200000000000003,10.43,10.47,10.13,10.25,3.1652,10.11,20200324,000885.SZ,36384.91
4,4.0,26766.839,-0.28000000000000114,10.11,10.31,10.07,10.15,-2.6949,10.39,20200323,000885.SZ,26289.0
5,5.0,37669.568999999996,0.16999999999999993,10.39,10.39,10.13,10.29,1.6634,10.22,20200320,000885.SZ,36627.01
6,6.0,46475.705,0.02000000000000135,10.22,10.38,9.97,10.23,0.1961,10.2,20200319,000885.SZ,45686.02
7,7.0,50085.483,-0.3800000000000008,10.2,10.8,10.2,10.66,-3.5917,10.58,20200318,000885.SZ,47470.23
8,8.0,50542.775,0.0,10.58,10.79,10.2,10.63,0.0,10.58,20200317,000885.SZ,48053.46
9,9.0,79946.455,-0.5099999999999998,10.58,11.28,10.52,11.22,-4.5987,11.09,20200316,000885.SZ,73641.78
10,10.0,80283.708,-0.3100000000000005,11.09,11.24,10.8,11.06,-2.7193,11.4,20200313,000885.SZ,73126.85
11,11.0,90082.85800000001,0.12000000000000098,11.4,11.52,11.15,11.15,1.0638,11.28,20200312,000885.SZ,79249.86
12,12.0,86396.992,0.1399999999999988,11.28,11.55,11.19,11.23,1.2567,11.14,20200311,000885.SZ,76138.75
13,13.0,63318.65900000001,0.3000000000000007,11.14,11.15,10.7,10.71,2.7675,10.84,20200310,000885.SZ,57611.6
14,14.0,78173.06599999999,-0.5800000000000001,10.84,11.35,10.83,11.35,-5.0788,11.42,20200309,000885.SZ,70852.66
15,15.0,68842.235,-0.13000000000000078,11.42,11.55,11.35,11.41,-1.1255,11.55,20200306,000885.SZ,60201.02
16,16.0,113464.9,0.0,11.55,11.8,11.51,11.58,0.0,11.55,20200305,000885.SZ,97656.6
17,17.0,131844.945,0.4199999999999999,11.55,11.6,11.12,11.17,3.7736,11.13,20200304,000885.SZ,115413.66
18,18.0,98536.155,0.0600000000000005,11.13,11.33,11.0,11.22,0.542,11.07,20200303,000885.SZ,88516.18
19,19.0,102107.784,0.6099999999999994,11.07,11.11,10.58,10.58,5.8317,10.46,20200302,000885.SZ,92782.85
20,20.0,79904.12400000001,-0.6499999999999986,10.46,11.06,10.45,10.88,-5.8506,11.11,20200228,000885.SZ,74050.81
21,21.0,68600.245,0.17999999999999972,11.11,11.28,10.91,11.03,1.6468,10.93,20200227,000885.SZ,61657.81
22,22.0,83367.679,0.04999999999999893,10.93,11.15,10.63,10.72,0.4596,10.88,20200226,000885.SZ,76051.4
23,23.0,90449.649,-0.2599999999999998,10.88,11.0,10.61,10.9,-2.3339,11.14,20200225,000885.SZ,83627.85
24,24.0,66186.883,-0.08999999999999986,11.14,11.27,11.03,11.16,-0.8014,11.23,20200224,000885.SZ,59508.0
25,25.0,103743.509,0.12000000000000098,11.23,11.43,11.04,11.13,1.0801,11.11,20200221,000885.SZ,92440.03
26,26.0,64425.581,0.16000000000000014,11.11,11.12,10.87,10.95,1.4612,10.95,20200220,000885.SZ,58481.06
27,27.0,75361.36099999999,-0.21000000000000085,10.95,11.2,10.93,11.2,-1.8817,11.16,20200219,000885.SZ,68309.55
28,28.0,75712.884,0.08000000000000007,11.16,11.18,10.94,11.0,0.722,11.08,20200218,000885.SZ,68193.07
29,29.0,82143.174,0.27999999999999936,11.08,11.1,10.62,10.79,2.5926,10.8,20200217,000885.SZ,75061.42
30,30.0,41514.087999999996,-0.029999999999999364,10.8,10.9,10.74,10.89,-0.27699999999999997,10.83,20200214,000885.SZ,38366.43
31,31.0,67559.82400000001,-0.22000000000000064,10.83,11.12,10.83,11.05,-1.9909999999999999,11.05,20200213,000885.SZ,61885.36
32,32.0,74151.925,-0.03999999999999915,11.05,11.18,10.93,11.09,-0.3607,11.09,20200212,000885.SZ,67024.55
33,33.0,130036.76800000001,0.22000000000000064,11.09,11.32,10.65,10.86,2.0239,10.87,20200211,000885.SZ,117761.14
34,34.0,95405.911,0.14999999999999858,10.87,11.05,10.59,10.72,1.3993,10.72,20200210,000885.SZ,88085.64
35,35.0,94587.451,0.4700000000000006,10.72,10.75,10.25,10.25,4.5854,10.25,20200207,000885.SZ,89791.93
36,36.0,76461.98,0.16000000000000014,10.25,10.32,9.95,10.09,1.5857,10.09,20200206,000885.SZ,75106.51
37,37.0,86407.28199999999,0.16000000000000014,10.09,10.32,9.92,10.01,1.6113,9.93,20200205,000885.SZ,85193.49
38,38.0,97500.98800000001,-0.10999999999999943,9.93,10.03,9.5,9.5,-1.0956,10.04,20200204,000885.SZ,99270.51
39,39.0,26681.3,-1.1100000000000012,10.04,10.04,10.04,10.04,-9.9552,11.15,20200203,000885.SZ,26575.0
40,40.0,108931.433,-0.5700000000000003,11.15,11.63,11.07,11.62,-4.8635,11.72,20200123,000885.SZ,96214.88
41,41.0,69468.607,-0.01999999999999957,11.72,11.82,11.51,11.67,-0.1704,11.74,20200122,000885.SZ,59706.68
42,42.0,78045.155,-0.16999999999999993,11.74,11.99,11.71,11.9,-1.4274,11.91,20200121,000885.SZ,65936.59
43,43.0,94878.773,-0.17999999999999972,11.91,12.13,11.8,12.09,-1.4888,12.09,20200120,000885.SZ,79771.61
44,44.0,84759.59300000001,0.009999999999999787,12.09,12.25,12.03,12.21,0.0828,12.08,20200117,000885.SZ,69792.24
45,45.0,114361.73,-0.23000000000000045,12.08,12.33,11.95,12.23,-1.8684,12.31,20200116,000885.SZ,94440.47
46,46.0,166877.761,0.2599999999999998,12.31,12.55,12.02,12.2,2.1577,12.05,20200115,000885.SZ,135872.4
47,47.0,136549.202,-0.16999999999999993,12.05,12.47,11.93,12.19,-1.3912,12.22,20200114,000885.SZ,112735.8
48,48.0,187056.65300000002,0.3200000000000003,12.22,12.33,11.83,11.83,2.6891,11.9,20200113,000885.SZ,154228.88
49,49.0,213230.22199999998,-0.1899999999999995,11.9,12.23,11.8,12.12,-1.5715,12.09,20200110,000885.SZ,177764.6
50,50.0,296449.51399999997,1.0999999999999996,12.09,12.09,11.16,11.16,10.0091,10.99,20200109,000885.SZ,249513.53
51,51.0,68447.23599999999,-0.20999999999999908,10.99,11.22,10.97,11.22,-1.875,11.2,20200108,000885.SZ,61785.01
52,52.0,81416.348,0.22999999999999865,11.2,11.24,10.98,11.02,2.0966,10.97,20200107,000885.SZ,73087.0
53,53.0,55388.075,0.0,10.97,11.08,10.75,10.91,0.0,10.97,20200106,000885.SZ,50514.97
54,54.0,53193.849,-0.06999999999999851,10.97,11.06,10.92,11.03,-0.6341,11.04,20200103,000885.SZ,48465.89
55,55.0,83128.968,0.04999999999999893,11.04,11.17,10.97,11.09,0.455,10.99,20200102,000885.SZ,75233.83
56,56.0,76637.321,0.10999999999999943,10.99,11.04,10.79,10.89,1.011,10.88,20191231,000885.SZ,70154.69
57,57.0,80897.938,0.3200000000000003,10.88,10.93,10.53,10.53,3.0303,10.56,20191230,000885.SZ,74842.0
58,58.0,32497.869,-0.11999999999999922,10.56,10.7,10.52,10.7,-1.1236,10.68,20191227,000885.SZ,30599.53
59,59.0,30830.488999999998,0.08999999999999986,10.68,10.68,10.57,10.58,0.8499,10.59,20191226,000885.SZ,29014.03
60,60.0,40355.073,0.05000000000000071,10.59,10.65,10.5,10.54,0.4744,10.54,20191225,000885.SZ,38152.01
61,61.0,35625.948,0.129999999999999,10.54,10.57,10.39,10.45,1.2488,10.41,20191224,000885.SZ,33979.27
62,62.0,42852.915,-0.11999999999999922,10.41,10.6,10.41,10.51,-1.1396,10.53,20191223,000885.SZ,40838.7
63,63.0,42772.74,-0.13000000000000078,10.53,10.72,10.53,10.66,-1.2195,10.66,20191220,000885.SZ,40329.72
64,64.0,45666.706,-0.009999999999999787,10.66,10.74,10.61,10.67,-0.0937,10.67,20191219,000885.SZ,42824.14
65,65.0,62178.258,-0.029999999999999364,10.67,10.94,10.65,10.72,-0.2804,10.7,20191218,000885.SZ,57732.76
66,66.0,61486.41,0.04999999999999893,10.7,10.74,10.56,10.65,0.4695,10.65,20191217,000885.SZ,57715.68
67,67.0,46808.626,0.0,10.65,10.7,10.55,10.7,0.0,10.65,20191216,000885.SZ,44039.95
68,68.0,60343.746,0.12000000000000098,10.65,10.69,10.48,10.58,1.1396,10.53,20191213,000885.SZ,56896.69
69,69.0,45796.025,0.08000000000000007,10.53,10.63,10.48,10.52,0.7656,10.45,20191212,000885.SZ,43354.87
70,70.0,48766.522000000004,0.05999999999999873,10.45,10.65,10.4,10.44,0.5775,10.39,20191211,000885.SZ,46362.73
71,71.0,29240.921000000002,-0.01999999999999957,10.39,10.44,10.31,10.34,-0.1921,10.41,20191210,000885.SZ,28182.75
72,72.0,37296.721,0.09999999999999963,10.41,10.49,10.36,10.42,0.9699,10.31,20191209,000885.SZ,35750.63
73,73.0,19456.525,0.02000000000000135,10.31,10.34,10.23,10.27,0.1944,10.29,20191206,000885.SZ,18921.66
74,74.0,26373.222999999998,0.10999999999999943,10.29,10.3,10.17,10.19,1.0806,10.18,20191205,000885.SZ,25729.91
75,75.0,17921.16,0.01999999999999957,10.18,10.22,10.1,10.13,0.1969,10.16,20191204,000885.SZ,17625.0
76,76.0,32087.124,-0.0600000000000005,10.16,10.21,10.11,10.15,-0.5871,10.22,20191203,000885.SZ,31647.05
77,77.0,25220.205,0.009999999999999787,10.22,10.31,10.16,10.22,0.0979,10.21,20191202,000885.SZ,24645.0
78,78.0,21615.91,-0.01999999999999957,10.21,10.33,10.15,10.26,-0.1955,10.23,20191129,000885.SZ,21124.23
79,79.0,29085.884,-0.15000000000000036,10.23,10.47,10.2,10.38,-1.4451,10.38,20191128,000885.SZ,28184.15
80,80.0,36295.099,-0.14999999999999858,10.38,10.59,10.37,10.47,-1.4245,10.53,20191127,000885.SZ,34654.02
81,81.0,45484.372,0.09999999999999963,10.53,10.53,10.33,10.42,0.9588,10.43,20191126,000885.SZ,43596.71
82,82.0,70150.238,0.3300000000000001,10.43,10.58,10.23,10.3,3.2673,10.1,20191125,000885.SZ,67215.45
83,83.0,19601.663,-0.030000000000001137,10.1,10.29,10.05,10.11,-0.2962,10.13,20191122,000885.SZ,19276.5
84,84.0,15690.597,-0.01999999999999957,10.13,10.2,10.07,10.16,-0.19699999999999998,10.15,20191121,000885.SZ,15500.0
85,85.0,19493.118000000002,-0.11999999999999922,10.15,10.27,10.14,10.27,-1.1685,10.27,20191120,000885.SZ,19107.0
86,86.0,29810.037,0.1999999999999993,10.27,10.29,10.0,10.07,1.9861,10.07,20191119,000885.SZ,29223.61
87,87.0,17089.682,0.0,10.07,10.1,9.95,10.08,0.0,10.07,20191118,000885.SZ,17042.75
88,88.0,18526.016,-0.08000000000000007,10.07,10.18,10.06,10.12,-0.7882,10.15,20191115,000885.SZ,18329.87
89,89.0,21702.702,-0.029999999999999364,10.15,10.28,10.12,10.28,-0.2947,10.18,20191114,000885.SZ,21316.0
90,90.0,31790.179,0.01999999999999957,10.18,10.3,10.04,10.16,0.1969,10.16,20191113,000885.SZ,31363.01
91,91.0,41891.735,-0.029999999999999364,10.16,10.23,10.1,10.15,-0.2944,10.19,20191112,000885.SZ,41348.0
92,92.0,54975.707,-0.33999999999999986,10.19,10.54,10.13,10.53,-3.2289,10.53,20191111,000885.SZ,53484.0
93,93.0,47444.569,-0.16999999999999993,10.53,10.78,10.52,10.75,-1.5888,10.7,20191108,000885.SZ,44580.02
94,94.0,57487.987,0.25,10.7,10.73,10.45,10.48,2.3923,10.45,20191107,000885.SZ,54171.74
95,95.0,69290.966,-0.16999999999999993,10.45,10.65,10.4,10.63,-1.6008,10.62,20191106,000885.SZ,65989.22
96,96.0,98705.462,-0.07000000000000027,10.62,10.89,10.62,10.68,-0.6548,10.69,20191105,000885.SZ,91831.19
97,97.0,91752.47099999999,0.25,10.69,10.7,10.44,10.44,2.3946,10.44,20191104,000885.SZ,86592.65
98,98.0,48782.297999999995,0.03999999999999915,10.44,10.47,10.28,10.38,0.3846,10.4,20191101,000885.SZ,46861.45
99,99.0,49364.645,-0.16999999999999993,10.4,10.66,10.39,10.62,-1.6083,10.57,20191031,000885.SZ,47114.02
100,100.0,76694.73,0.16999999999999993,10.57,10.59,10.39,10.4,1.6346,10.4,20191030,000885.SZ,73190.55
101,101.0,41549.03,0.08000000000000007,10.4,10.42,10.24,10.32,0.7752,10.32,20191029,000885.SZ,40284.22
102,102.0,41114.878,0.009999999999999787,10.32,10.33,10.25,10.28,0.09699999999999999,10.31,20191028,000885.SZ,39927.91
103,103.0,48359.251,0.009999999999999787,10.31,10.36,10.24,10.34,0.0971,10.3,20191025,000885.SZ,46995.0
104,104.0,36735.734,0.030000000000001137,10.3,10.45,10.15,10.27,0.2921,10.27,20191024,000885.SZ,35734.02
105,105.0,25077.619,0.0,10.27,10.3,10.2,10.3,0.0,10.27,20191023,000885.SZ,24487.48
106,106.0,25191.451,0.0,10.27,10.31,10.2,10.28,0.0,10.27,20191022,000885.SZ,24576.51
107,107.0,32689.076,0.009999999999999787,10.27,10.3,10.14,10.21,0.0975,10.26,20191021,000885.SZ,31903.47
108,108.0,58562.325999999994,-0.21000000000000085,10.26,10.47,10.21,10.44,-2.0057,10.47,20191018,000885.SZ,56776.68
109,109.0,46108.483,-0.10999999999999943,10.47,10.61,10.46,10.58,-1.0397,10.58,20191017,000885.SZ,43875.98
110,110.0,65866.742,0.0600000000000005,10.58,10.65,10.47,10.53,0.5703,10.52,20191016,000885.SZ,62313.7
111,111.0,66545.495,0.15000000000000036,10.52,10.52,10.3,10.4,1.4465,10.37,20191015,000885.SZ,63904.61
112,112.0,44700.09099999999,0.10999999999999943,10.37,10.44,10.29,10.34,1.0721,10.26,20191014,000885.SZ,43068.25
113,113.0,38799.123,0.03999999999999915,10.26,10.28,10.18,10.23,0.3914,10.22,20191011,000885.SZ,37903.72
114,114.0,41648.087999999996,0.040000000000000924,10.22,10.25,10.14,10.22,0.3929,10.18,20191010,000885.SZ,40837.18
115,115.0,32487.314,0.0,10.18,10.2,10.02,10.2,0.0,10.18,20191009,000885.SZ,32090.47
116,116.0,30810.261000000002,-0.07000000000000027,10.18,10.36,10.12,10.28,-0.6829,10.25,20191008,000885.SZ,30016.72
117,117.0,30764.882,-0.009999999999999787,10.25,10.37,10.2,10.22,-0.0975,10.26,20190930,000885.SZ,29927.51
118,118.0,27935.673,0.16999999999999993,10.26,10.34,10.12,10.19,1.6848,10.09,20190927,000885.SZ,27255.02
119,119.0,48173.32,-0.25,10.09,10.37,10.08,10.34,-2.4178,10.34,20190926,000885.SZ,47003.83
120,120.0,71807.856,0.07000000000000027,10.34,10.44,10.05,10.28,0.6816,10.27,20190925,000885.SZ,70035.46
121,121.0,76098.161,-0.1100000000000012,10.27,10.5,10.21,10.4,-1.0597,10.38,20190924,000885.SZ,73083.47
122,122.0,63273.210999999996,-0.3899999999999988,10.38,10.74,10.35,10.74,-3.6212,10.77,20190923,000885.SZ,60483.83
123,123.0,89132.043,0.11999999999999922,10.77,10.93,10.68,10.7,1.1268,10.65,20190920,000885.SZ,82601.59
124,124.0,74502.613,0.01999999999999957,10.65,10.7,10.55,10.68,0.1881,10.63,20190919,000885.SZ,70268.31
125,125.0,78948.091,-0.08999999999999986,10.63,10.79,10.55,10.79,-0.8396,10.72,20190918,000885.SZ,74162.24
126,126.0,136985.279,-0.029999999999999364,10.72,10.94,10.59,10.74,-0.2791,10.75,20190917,000885.SZ,126922.02
127,127.0,127566.976,0.22000000000000064,10.75,10.75,10.5,10.56,2.0893,10.53,20190916,000885.SZ,119963.56
128,128.0,182853.177,0.0,10.53,10.66,10.4,10.66,0.0,10.53,20190912,000885.SZ,174764.17
129,129.0,129531.59800000001,-0.2599999999999998,10.53,10.85,10.45,10.81,-2.4096,10.79,20190911,000885.SZ,121780.01
130,130.0,127562.222,-0.2700000000000013,10.79,11.11,10.73,11.11,-2.4412,11.06,20190910,000885.SZ,117575.15
131,131.0,182052.015,-0.16999999999999993,11.06,11.46,11.0,11.4,-1.5138,11.23,20190909,000885.SZ,163799.81
132,132.0,82523.803,-0.08000000000000007,11.23,11.36,11.08,11.22,-0.7073,11.31,20190906,000885.SZ,73372.61
133,133.0,242607.651,0.5500000000000007,11.31,11.84,10.63,10.78,5.1115,10.76,20190905,000885.SZ,214473.03
134,134.0,161706.734,0.5600000000000005,10.76,10.99,10.15,10.15,5.4902,10.2,20190904,000885.SZ,151906.02
135,135.0,26951.115,-0.02000000000000135,10.2,10.25,10.08,10.23,-0.1957,10.22,20190903,000885.SZ,26482.94
136,136.0,61691.934,0.3200000000000003,10.22,10.3,9.78,9.85,3.2323,9.9,20190902,000885.SZ,60935.48
137,137.0,32159.563,0.030000000000001137,9.9,9.91,9.69,9.88,0.304,9.87,20190830,000885.SZ,32816.12
138,138.0,18003.777,-0.02000000000000135,9.87,9.92,9.82,9.92,-0.2022,9.89,20190829,000885.SZ,18277.0
139,139.0,28766.885,-0.08000000000000007,9.89,10.04,9.85,10.04,-0.8024,9.97,20190828,000885.SZ,29057.96
140,140.0,30936.342999999997,0.1100000000000012,9.97,10.06,9.9,9.9,1.1156,9.86,20190827,000885.SZ,30986.3
141,141.0,32056.681,-0.19000000000000128,9.86,9.91,9.76,9.8,-1.8905,10.05,20190826,000885.SZ,32538.48
142,142.0,47462.562000000005,-0.25,10.05,10.36,10.02,10.32,-2.4272,10.3,20190823,000885.SZ,46773.01
143,143.0,28280.54,-0.09999999999999963,10.3,10.44,10.23,10.41,-0.9615,10.4,20190822,000885.SZ,27443.15
144,144.0,29622.102000000003,-0.09999999999999963,10.4,10.55,10.36,10.55,-0.9524,10.5,20190821,000885.SZ,28482.0
145,145.0,48219.249,0.13000000000000078,10.5,10.52,10.35,10.39,1.2536,10.37,20190820,000885.SZ,46140.01
146,146.0,36181.556000000004,0.15999999999999834,10.37,10.39,10.19,10.25,1.5671,10.21,20190819,000885.SZ,35088.37
147,147.0,35615.515,-0.08999999999999986,10.21,10.3,10.16,10.23,-0.8738,10.3,20190816,000885.SZ,34887.28
148,148.0,44262.559,0.12000000000000098,10.3,10.43,9.87,10.01,1.1788,10.18,20190815,000885.SZ,43948.99
149,149.0,25421.784,-0.040000000000000924,10.18,10.38,10.11,10.35,-0.3914,10.22,20190814,000885.SZ,24887.73
150,150.0,21822.937,-0.08999999999999986,10.22,10.33,10.16,10.25,-0.8729,10.31,20190813,000885.SZ,21327.16
151,151.0,31295.998,0.16999999999999993,10.31,10.43,10.0,10.17,1.6765,10.14,20190812,000885.SZ,30370.12
152,152.0,32516.367000000002,0.0,10.14,10.21,10.05,10.15,0.0,10.14,20190809,000885.SZ,32096.59
153,153.0,50054.166,0.2599999999999998,10.14,10.2,9.84,9.93,2.6316,9.88,20190808,000885.SZ,49898.13
154,154.0,45369.055,-0.01999999999999957,9.88,10.01,9.7,9.86,-0.20199999999999999,9.9,20190807,000885.SZ,46088.0
155,155.0,84138.151,0.15000000000000036,9.9,9.96,9.25,9.5,1.5385,9.75,20190806,000885.SZ,87907.0
156,156.0,53669.178,0.0,9.75,9.75,9.52,9.61,0.0,9.75,20190805,000885.SZ,55786.63
157,157.0,121376.70199999999,-0.23000000000000045,9.75,9.84,9.32,9.83,-2.3046,9.98,20190802,000885.SZ,126987.82
158,158.0,78110.461,-0.5299999999999994,9.98,10.56,9.46,10.56,-5.0428,10.51,20190801,000885.SZ,77510.0
159,159.0,43172.565,-0.10999999999999943,10.51,10.75,10.5,10.62,-1.0358,10.62,20190731,000885.SZ,40818.01
160,160.0,55977.026,0.10999999999999943,10.62,10.67,10.31,10.53,1.0466,10.51,20190730,000885.SZ,52796.9
161,161.0,51833.075999999994,0.16999999999999993,10.51,10.6,10.34,10.48,1.6441,10.34,20190729,000885.SZ,49695.74
162,162.0,50637.208,0.2699999999999996,10.34,10.35,10.09,10.12,2.6812,10.07,20190726,000885.SZ,49325.01
163,163.0,26319.144,0.0,10.07,10.14,10.05,10.13,0.0,10.07,20190725,000885.SZ,26111.01
164,164.0,25852.361,0.030000000000001137,10.07,10.22,10.04,10.1,0.2988,10.04,20190724,000885.SZ,25570.01
165,165.0,22042.752999999997,-0.0600000000000005,10.04,10.15,9.98,10.1,-0.5941,10.1,20190723,000885.SZ,21972.0
166,166.0,43990.747,0.09999999999999963,10.1,10.17,9.83,10.02,1.0,10.0,20190722,000885.SZ,43903.0
167,167.0,29025.852000000003,0.07000000000000027,10.0,10.21,9.94,9.94,0.7049,9.93,20190719,000885.SZ,28887.14
168,168.0,40525.523,-0.3300000000000001,9.93,10.25,9.93,10.25,-3.2164,10.26,20190718,000885.SZ,40417.51
169,169.0,29865.514,-0.05000000000000071,10.26,10.39,10.26,10.32,-0.485,10.31,20190717,000885.SZ,29000.0
170,170.0,37578.967000000004,-0.05999999999999873,10.31,10.4,10.28,10.28,-0.5786,10.37,20190716,000885.SZ,36383.13
171,171.0,69089.715,0.3199999999999985,10.37,10.45,9.95,10.08,3.1841,10.05,20190715,000885.SZ,67370.34
172,172.0,51208.032999999996,0.10000000000000142,10.05,10.09,9.88,9.94,1.005,9.95,20190712,000885.SZ,51322.77
173,173.0,60157.927,-0.16999999999999993,9.95,10.19,9.9,10.11,-1.6798,10.12,20190711,000885.SZ,59999.51
174,174.0,48558.751,0.009999999999999787,10.12,10.24,9.99,10.19,0.0989,10.11,20190710,000885.SZ,48016.75
175,175.0,91582.463,-0.5800000000000001,10.11,10.66,10.08,10.64,-5.4256,10.69,20190709,000885.SZ,89772.01
176,176.0,82869.448,-0.030000000000001137,10.69,10.93,10.51,10.69,-0.2799,10.72,20190708,000885.SZ,77265.53
177,177.0,84191.338,-0.20999999999999908,10.72,10.92,10.63,10.87,-1.9213,10.93,20190705,000885.SZ,78214.24
178,178.0,153593.658,-0.1899999999999995,10.93,11.43,10.75,11.43,-1.7086,11.12,20190704,000885.SZ,138862.71
179,179.0,219256.456,-0.6300000000000008,11.12,11.66,11.1,11.62,-5.3617,11.75,20190703,000885.SZ,195369.97
180,180.0,278030.918,-0.5399999999999991,11.75,13.0,11.57,13.0,-4.3938,12.29,20190702,000885.SZ,231884.87
181,181.0,257566.073,1.1199999999999992,12.29,12.29,11.16,11.24,10.0269,11.17,20190701,000885.SZ,215142.05
182,182.0,286342.695,-0.5500000000000007,11.17,12.3,11.13,12.15,-4.6928,11.72,20190628,000885.SZ,246662.61
183,183.0,168312.833,1.0700000000000005,11.72,11.72,10.4,10.62,10.0469,10.65,20190627,000885.SZ,146495.75
184,184.0,83254.783,-0.16000000000000014,10.65,10.95,10.4,10.83,-1.4801,10.81,20190626,000885.SZ,77820.98
185,185.0,101688.035,0.3100000000000005,10.81,10.83,10.36,10.66,2.9524,10.5,20190625,000885.SZ,95467.11
186,186.0,83705.23700000001,0.13000000000000078,10.5,10.86,10.39,10.39,1.2536,10.37,20190624,000885.SZ,78799.52
187,187.0,61186.95,0.34999999999999964,10.37,10.58,10.16,10.57,3.4930000000000003,10.02,20190621,000885.SZ,59032.41
188,188.0,67964.56599999999,0.4000000000000004,10.02,10.1,9.81,9.94,4.158,9.62,20190620,000885.SZ,68050.24
189,189.0,60120.332,0.16999999999999993,9.62,9.99,9.45,9.45,1.7989,9.45,20190619,000885.SZ,61796.69
190,190.0,39102.785,-0.15000000000000036,9.45,9.56,9.16,9.4,-1.5625,9.6,20190618,000885.SZ,41927.48
191,191.0,68760.563,-0.39000000000000057,9.6,9.88,9.11,9.67,-3.9039,9.99,20190617,000885.SZ,73247.07
192,192.0,33160.596,-0.16000000000000014,9.99,10.24,9.71,10.16,-1.5764,10.15,20190614,000885.SZ,33101.72
193,193.0,33666.969,0.07820000000000071,10.1477,10.2552,10.0695,10.0695,0.7766,10.0695,20190613,000885.SZ,32443.72
194,194.0,35397.3,-0.1661999999999999,10.0695,10.4117,10.0695,10.4117,-1.6237,10.2357,20190612,000885.SZ,33928.0
195,195.0,41226.15,0.1858000000000004,10.2357,10.4312,10.0597,10.1086,1.8488,10.0499,20190611,000885.SZ,39105.04
196,196.0,34423.879,-0.3031000000000006,10.0499,10.4214,10.0499,10.353,-2.9277,10.353,20190610,000885.SZ,33011.97
197,197.0,40925.3,-0.1955000000000009,10.353,10.4508,10.2259,10.4312,-1.8533,10.5485,20190606,000885.SZ,38738.0
198,198.0,35323.519,-0.02929999999999922,10.5485,10.6463,10.3139,10.5583,-0.27699999999999997,10.5778,20190605,000885.SZ,33006.0
199,199.0,81073.247,-0.12710000000000046,10.5778,10.7049,10.2552,10.7049,-1.1873,10.7049,20190604,000885.SZ,75817.2
200,200.0,61473.894,0.1759000000000004,10.7049,10.7734,10.4801,10.5583,1.6706,10.529000000000002,20190603,000885.SZ,56432.96
201,201.0,49566.799000000006,0.20529999999999934,10.529000000000002,10.5778,10.3237,10.3237,1.9886,10.3237,20190531,000885.SZ,46144.71
202,202.0,37929.623999999996,-0.019499999999998963,10.3237,10.353,10.0011,10.3432,-0.1885,10.3432,20190530,000885.SZ,36389.22
203,203.0,39825.171,-0.12710000000000046,10.3432,10.5094,10.2748,10.4117,-1.2139,10.4703,20190529,000885.SZ,37405.5
204,204.0,41708.626000000004,-0.08799999999999919,10.4703,10.6072,10.4117,10.5485,-0.8335,10.5583,20190528,000885.SZ,38821.94
205,205.0,52073.203,-0.0489000000000015,10.5583,10.7538,10.3725,10.6756,-0.461,10.6072,20190527,000885.SZ,48324.59
206,206.0,49976.587999999996,-0.19549999999999912,10.6072,10.7538,10.4605,10.6561,-1.8097,10.8027,20190524,000885.SZ,46052.71
207,207.0,75313.406,-0.09779999999999944,10.8027,10.9982,10.5876,10.7636,-0.8972,10.9005,20190523,000885.SZ,68065.41
208,208.0,56707.793,0.11739999999999995,10.9005,10.9493,10.4703,10.7049,1.0887,10.7831,20190522,000885.SZ,52090.36
209,209.0,82362.475,0.08789999999999942,10.7831,11.0276,10.6854,10.744000000000002,0.8219,10.6952,20190521,000885.SZ,74192.93
210,210.0,69294.423,0.2737999999999996,10.6952,10.7049,10.0206,10.353,2.6273,10.4214,20190520,000885.SZ,65013.56
211,211.0,66948.45,-0.32259999999999955,10.4214,10.7147,10.265,10.7049,-3.0026,10.744000000000002,20190517,000885.SZ,62520.89
212,212.0,75386.034,0.04879999999999996,10.744000000000002,10.8516,10.5094,10.6463,0.4563,10.6952,20190516,000885.SZ,69052.95
213,213.0,112318.29400000001,0.2835000000000001,10.6952,10.8418,10.4214,10.4214,2.7229,10.4117,20190515,000885.SZ,103259.2
214,214.0,81918.429,-0.3519000000000005,10.4117,10.6952,10.2748,10.4996,-3.2694,10.7636,20190514,000885.SZ,76636.93
215,215.0,116697.67599999999,0.17600000000000016,10.7636,10.9689,10.3823,10.3921,1.6623,10.5876,20190513,000885.SZ,106292.63
216,216.0,129322.55,0.1759000000000004,10.5876,10.7245,10.0206,10.4117,1.6894,10.4117,20190510,000885.SZ,120621.27
217,217.0,92098.965,-0.13680000000000092,10.4117,10.440999999999999,9.9717,10.2161,-1.2969,10.5485,20190509,000885.SZ,88055.97
218,218.0,169125.85199999998,0.5083000000000002,10.5485,10.9102,9.786,9.8935,5.0626,10.0402,20190508,000885.SZ,157704.42
219,219.0,122723.15,0.5572999999999997,10.0402,10.4312,9.434,9.434,5.8769,9.4829,20190507,000885.SZ,120611.78
220,220.0,89923.834,-0.42039999999999894,9.4829,9.8544,9.1114,9.6784,-4.245,9.9033,20190506,000885.SZ,92735.64
221,221.0,60149.358,0.3323999999999998,9.9033,9.9033,9.3949,9.4829,3.4730000000000003,9.5709,20190430,000885.SZ,60768.04
222,222.0,78269.504,-0.1955000000000009,9.5709,9.9033,8.8572,9.8349,-2.0018,9.7664,20190429,000885.SZ,81281.67
223,223.0,57063.876,0.06840000000000046,9.7664,10.0206,9.6002,10.0011,0.7053,9.698,20190426,000885.SZ,57012.19
224,224.0,87972.787,-0.10749999999999993,9.698,10.0695,9.6784,9.7566,-1.0963,9.8055,20190425,000885.SZ,87092.02
225,225.0,55994.413,0.029300000000000995,9.8055,9.8153,9.5416,9.8055,0.2997,9.7762,20190424,000885.SZ,56669.56
226,226.0,65867.533,-0.18570000000000064,9.7762,10.0597,9.5905,9.9326,-1.8641,9.9619,20190423,000885.SZ,65906.11
227,227.0,55164.717000000004,0.009700000000000486,9.9619,10.2748,9.8251,9.9717,0.0975,9.9522,20190422,000885.SZ,54222.0
228,228.0,88723.69300000001,-0.04889999999999972,9.9522,10.2455,9.7273,9.9815,-0.4889,10.0011,20190419,000885.SZ,87266.23
229,229.0,58889.849,0.08799999999999919,10.0011,10.0793,9.8544,9.8935,0.8877,9.9131,20190418,000885.SZ,57820.22
230,230.0,79540.533,-0.08799999999999919,9.9131,10.1184,9.8837,10.0695,-0.8799,10.0011,20190417,000885.SZ,78132.61
231,231.0,121167.02699999999,0.479099999999999,10.0011,10.0695,9.522,9.522,5.0315,9.522,20190416,000885.SZ,120498.05
232,232.0,70436.97099999999,0.10749999999999993,9.522,9.6687,9.434,9.5122,1.1419,9.4145,20190415,000885.SZ,72195.62
233,233.0,35728.234,0.05869999999999996,9.4145,9.4536,9.2678,9.3754,0.6274,9.3558,20190412,000885.SZ,37323.69
234,234.0,48406.597,-0.17600000000000016,9.3558,9.5709,9.2874,9.5416,-1.8465,9.5318,20190411,000885.SZ,50341.4
235,235.0,54939.613,-0.009800000000000251,9.5318,9.5807,9.3754,9.4243,-0.1027,9.5416,20190410,000885.SZ,56629.41
236,236.0,82771.083,-0.1758999999999986,9.5416,9.6491,9.3852,9.6491,-1.8101,9.7175,20190409,000885.SZ,85177.47
237,237.0,131973.26,0.38119999999999976,9.7175,9.7664,9.2874,9.3363,4.083,9.3363,20190408,000885.SZ,135379.77
238,238.0,87261.084,0.05869999999999996,9.3363,9.5025,9.2092,9.3069,0.6327,9.2776,20190404,000885.SZ,91031.54
239,239.0,60422.914000000004,0.07819999999999894,9.2776,9.2972,9.0723,9.1505,0.8501,9.1994,20190403,000885.SZ,64174.5
240,240.0,76412.80900000001,-0.05869999999999996,9.1994,9.3363,9.1505,9.2874,-0.634,9.2581,20190402,000885.SZ,81022.2
241,241.0,69930.583,0.31290000000000084,9.2581,9.2874,8.9746,8.9746,3.498,8.9452,20190401,000885.SZ,74283.63
242,242.0,52488.49,0.2541999999999991,8.9452,8.9648,8.564,8.7008,2.9249,8.691,20190329,000885.SZ,58213.0
243,243.0,37405.42,0.01950000000000074,8.691,8.8963,8.564,8.6617,0.2249,8.6715,20190328,000885.SZ,41926.0
244,244.0,31062.135,0.03909999999999947,8.6715,8.7204,8.5053,8.691,0.4529,8.6324,20190327,000885.SZ,35197.3
245,245.0,52102.992,-0.2835000000000001,8.6324,8.9941,8.6031,8.9746,-3.1797,8.9159,20190326,000885.SZ,58027.83
246,246.0,47260.551,-0.1368999999999989,8.9159,9.0723,8.8572,8.8963,-1.5122,9.0528,20190325,000885.SZ,51524.74
247,247.0,53176.528,-0.10749999999999993,9.0528,9.1896,8.9354,9.1701,-1.1735,9.1603,20190322,000885.SZ,57455.6
248,248.0,93454.76199999999,0.04889999999999972,9.1603,9.5611,9.0723,9.0821,0.5367,9.1114,20190321,000885.SZ,98620.88
249,249.0,71617.22099999999,0.19549999999999912,9.1114,9.1212,8.8475,8.8866,2.1927,8.9159,20190320,000885.SZ,78076.42
250,250.0,70206.918,-0.1368999999999989,8.9159,9.0332,8.867,8.9941,-1.5122,9.0528,20190319,000885.SZ,76866.5
251,251.0,122485.84,0.1075999999999997,9.0528,9.1701,8.7693,8.9452,1.2029,8.9452,20190318,000885.SZ,134185.06
252,252.0,122681.037,0.5279000000000007,8.9452,8.9452,8.4173,8.4466,6.2716,8.4173,20190315,000885.SZ,138210.85
253,253.0,76990.29,-0.11730000000000018,8.4173,8.6031,8.2804,8.4857,-1.3744,8.5346,20190314,000885.SZ,89172.47
254,254.0,77615.3,-0.09780000000000122,8.5346,8.7008,8.4466,8.7008,-1.1329,8.6324,20190313,000885.SZ,88663.71
255,255.0,95793.814,0.2151000000000014,8.6324,8.6617,8.4564,8.5151,2.5555,8.4173,20190312,000885.SZ,108856.01
256,256.0,63387.837,0.3030999999999988,8.4173,8.4369,8.1338,8.1631,3.7354,8.1142,20190311,000885.SZ,74636.31
257,257.0,83246.78,-0.6158999999999999,8.1142,8.6519,8.1142,8.6519,-7.0549,8.7301,20190308,000885.SZ,96397.92
258,258.0,105427.475,0.03909999999999947,8.7301,8.8279,8.5346,8.6813,0.4499,8.691,20190307,000885.SZ,119208.39
259,259.0,108769.591,0.14660000000000115,8.691,8.7008,8.5053,8.5444,1.7157,8.5444,20190306,000885.SZ,123667.75
260,260.0,73063.908,0.05869999999999996,8.5444,8.5444,8.3684,8.4662,0.6918,8.4857,20190305,000885.SZ,84515.79
261,261.0,124306.739,-0.019600000000000502,8.4857,8.7008,8.4075,8.5542,-0.2304,8.5053,20190304,000885.SZ,141983.56
262,262.0,97594.47300000001,0.2346000000000004,8.5053,8.6617,8.3098,8.3391,2.8365,8.2707,20190301,000885.SZ,112301.94
263,263.0,32077.159,0.03909999999999947,8.2707,8.3782,8.1631,8.2609,0.475,8.2316,20190228,000885.SZ,37946.0
264,264.0,61498.677,0.009800000000000251,8.2316,8.3782,8.1142,8.2218,0.1192,8.2218,20190227,000885.SZ,72984.08
265,265.0,83632.979,0.1075999999999997,8.2218,8.5542,8.0263,8.124,1.3261,8.1142,20190226,000885.SZ,98741.55
266,266.0,63718.195999999996,0.3714000000000004,8.1142,8.1631,7.7819,7.7819,4.7967,7.7428,20190225,000885.SZ,78062.48
267,267.0,27134.939,0.07829999999999959,7.7428,7.7525,7.6352,7.645,1.0216,7.6645,20190222,000885.SZ,34425.36
268,268.0,38165.818999999996,-0.1368999999999998,7.6645,7.8405,7.6352,7.7819,-1.7548,7.8014,20190221,000885.SZ,48165.86
269,269.0,43626.707,0.17600000000000016,7.8014,7.8796,7.5961,7.645,2.3081,7.6254,20190220,000885.SZ,55076.68
270,270.0,35143.958,-0.1075999999999997,7.6254,7.7819,7.5375,7.733,-1.3914,7.733,20190219,000885.SZ,44828.63
271,271.0,38182.256,0.17599999999999927,7.733,7.7428,7.5668,7.6157,2.329,7.557,20190218,000885.SZ,48790.38
272,272.0,37377.926,0.1369000000000007,7.557,7.6059,7.4299,7.4495,1.845,7.4201,20190215,000885.SZ,48390.57
273,273.0,20047.582,0.0,7.4201,7.4886,7.381,7.4495,0.0,7.4201,20190214,000885.SZ,26386.39
274,274.0,26151.73,0.06839999999999957,7.4201,7.4495,7.3419,7.3615,0.9304,7.3517,20190213,000885.SZ,34571.02
275,275.0,24589.728,0.05869999999999996,7.3517,7.4299,7.2344,7.2735,0.8049,7.292999999999999,20190212,000885.SZ,32721.82
276,276.0,21727.58,0.33230000000000004,7.292999999999999,7.3028,6.9704,6.9704,4.7739,6.9607,20190211,000885.SZ,29582.59
277,277.0,10688.896999999999,0.1565000000000003,6.9607,6.9704,6.8433,6.8433,2.3,6.8042,20190201,000885.SZ,15081.62
278,278.0,13254.739,-0.07819999999999983,6.8042,6.9802,6.7749,6.8824,-1.1362,6.8824,20190131,000885.SZ,18861.0
279,279.0,11425.822,-0.10760000000000057,6.8824,6.9998,6.8727,6.9411,-1.5393,6.99,20190130,000885.SZ,16124.0
280,280.0,12517.065,-0.12709999999999955,6.99,7.1464,6.8531,7.1073,-1.7858,7.1171,20190129,000885.SZ,17539.66
281,281.0,11824.073999999999,-0.08800000000000008,7.1171,7.2735,7.0975,7.2344,-1.2214,7.2051,20190128,000885.SZ,16050.33
282,282.0,15012.936000000002,-0.08790000000000031,7.2051,7.3126,7.1953,7.3028,-1.2053,7.292999999999999,20190125,000885.SZ,20270.34
283,283.0,12665.203000000001,0.04879999999999996,7.292999999999999,7.3322,7.2344,7.3224,0.6736,7.2442,20190124,000885.SZ,16989.43
284,284.0,12232.031,0.009800000000000251,7.2442,7.292999999999999,7.1855,7.2246,0.1355,7.2344,20190123,000885.SZ,16522.43
285,285.0,15058.128,-0.12710000000000046,7.2344,7.3615,7.2148,7.3615,-1.7266,7.3615,20190122,000885.SZ,20229.86
286,286.0,17557.155,-0.009799999999999365,7.3615,7.4104,7.3224,7.3713,-0.1329,7.3713,20190121,000885.SZ,23284.44
287,287.0,19299.565,0.04889999999999972,7.3713,7.3713,7.2246,7.3224,0.6678,7.3224,20190118,000885.SZ,25830.06
288,288.0,26483.572,-0.13680000000000006,7.3224,7.468999999999999,7.2833,7.4397,-1.834,7.4592,20190117,000885.SZ,35283.07
289,289.0,52521.147000000004,0.15639999999999965,7.4592,7.7721,7.381,7.4299,2.1416,7.3028,20190116,000885.SZ,67757.23
290,290.0,19923.804,0.11730000000000018,7.3028,7.3028,7.1464,7.1464,1.6325,7.1855,20190115,000885.SZ,26860.48
291,291.0,13755.73,-0.07819999999999983,7.1855,7.3126,7.1757,7.292999999999999,-1.0766,7.2637,20190114,000885.SZ,18596.16
292,292.0,15435.733,0.06840000000000046,7.2637,7.2735,7.1366,7.1464,0.9506,7.1953,20190111,000885.SZ,20913.41
293,293.0,13645.356000000002,-0.039100000000000364,7.1953,7.2637,7.1171,7.2637,-0.5405,7.2344,20190110,000885.SZ,18538.96
294,294.0,25655.301,0.0,7.2344,7.3322,7.1171,7.1953,0.0,7.2344,20190109,000885.SZ,34530.28
295,295.0,18944.081000000002,0.04889999999999972,7.2344,7.3322,7.1269,7.2246,0.6805,7.1855,20190108,000885.SZ,25609.89
296,296.0,14400.534,0.09780000000000033,7.1855,7.2051,7.0975,7.0975,1.3799,7.0877,20190107,000885.SZ,19639.74
297,297.0,24013.866,0.20530000000000026,7.0877,7.1562,6.7554,6.7945,2.983,6.8824,20190104,000885.SZ,33549.15
298,298.0,12048.145,-0.06850000000000023,6.8824,7.0389,6.8433,6.99,-0.9855,6.9509,20190103,000885.SZ,16985.48
299,299.0,11294.211000000001,-0.058600000000000214,6.9509,7.0682,6.9313,7.0584,-0.836,7.0095,20190102,000885.SZ,15823.64
300,300.0,12148.886999999999,0.009700000000000486,7.0095,7.077999999999999,6.8922,7.0095,0.1386,6.9998,20181228,000885.SZ,16988.01
301,301.0,15867.163999999999,-0.1759000000000004,6.9998,7.292999999999999,6.99,7.292999999999999,-2.4513,7.1757,20181227,000885.SZ,21698.0
302,302.0,7889.225,-0.019599999999999614,7.1757,7.2539,7.1464,7.1953,-0.2724,7.1953,20181226,000885.SZ,10741.0
303,303.0,15653.767,-0.14660000000000029,7.1953,7.3322,7.0486,7.2539,-1.9968,7.3419,20181225,000885.SZ,21414.32
304,304.0,10913.221000000001,0.04889999999999972,7.3419,7.381,7.1855,7.2637,0.6705,7.292999999999999,20181224,000885.SZ,14584.0
305,305.0,17813.314,-0.20530000000000026,7.292999999999999,7.4788,7.2148,7.4788,-2.738,7.4983,20181221,000885.SZ,23736.12
306,306.0,16057.921999999999,0.048800000000000836,7.4983,7.5277,7.381,7.4592,0.6551,7.4495,20181220,000885.SZ,21074.13
307,307.0,15325.638,-0.14660000000000029,7.4495,7.6157,7.3908,7.5961,-1.9299,7.5961,20181219,000885.SZ,19995.0
308,308.0,20231.474,-0.09780000000000033,7.5961,7.7525,7.4983,7.6352,-1.2711,7.6939,20181218,000885.SZ,26010.68
309,309.0,17395.221999999998,-0.07819999999999983,7.6939,7.7721,7.5766,7.7721,-1.0062,7.7721,20181217,000885.SZ,22187.18
310,310.0,20566.978,-0.14660000000000029,7.7721,7.9676,7.7525,7.9187,-1.8513,7.9187,20181214,000885.SZ,25587.53
311,311.0,26995.442000000003,0.09770000000000056,7.9187,7.9676,7.7819,7.821000000000001,1.2492,7.821000000000001,20181213,000885.SZ,33399.04
312,312.0,22142.802000000003,0.12709999999999955,7.821000000000001,7.8796,7.7134,7.7525,1.652,7.6939,20181212,000885.SZ,27793.7
313,313.0,25424.541,-0.11730000000000018,7.6939,7.8894,7.645,7.8601,-1.5017,7.8112,20181211,000885.SZ,32164.32
314,314.0,14604.34,-0.07819999999999983,7.8112,7.9089,7.7232,7.9089,-0.9912,7.8894,20181210,000885.SZ,18286.4
315,315.0,15975.001,0.019600000000000502,7.8894,7.9383,7.7721,7.9089,0.2491,7.8698,20181207,000885.SZ,19912.0
316,316.0,19032.482,-0.09780000000000033,7.8698,8.0067,7.8601,7.9089,-1.2275,7.9676,20181206,000885.SZ,23467.0
317,317.0,21411.047000000002,-0.06839999999999957,7.9676,8.036,7.8698,7.9187,-0.8512,8.036,20181205,000885.SZ,26300.69
318,318.0,19292.811,0.02929999999999922,8.036,8.0654,7.9383,7.9872,0.3659,8.0067,20181204,000885.SZ,23548.13
319,319.0,42039.02,0.4106000000000005,8.0067,8.0556,7.7525,7.7525,5.4054,7.5961,20181203,000885.SZ,51837.69
320,320.0,21719.731,0.01949999999999985,7.5961,7.6645,7.3322,7.5766,0.2574,7.5766,20181130,000885.SZ,28123.41
321,321.0,27112.965,-0.2931999999999997,7.5766,7.9481,7.5375,7.9481,-3.7256,7.8698,20181129,000885.SZ,34147.99
322,322.0,24731.931,0.1661999999999999,7.8698,7.8894,7.557,7.7721,2.1574,7.7036,20181128,000885.SZ,31026.37
323,323.0,17171.999,0.0,7.7036,7.821000000000001,7.6743,7.733,0.0,7.7036,20181127,000885.SZ,21672.91
324,324.0,17876.53,0.01949999999999985,7.7036,7.8601,7.5863,7.5961,0.2538,7.6841,20181126,000885.SZ,22590.07
325,325.0,40964.679,-0.4594999999999994,7.6841,8.2316,7.6059,8.1045,-5.6425,8.1436,20181123,000885.SZ,50641.56
326,326.0,34841.077000000005,0.08799999999999919,8.1436,8.2511,8.0751,8.0947,1.0924,8.0556,20181122,000885.SZ,41723.73
327,327.0,33855.105,-0.009800000000000251,8.0556,8.1436,7.8992,8.0165,-0.1215,8.0654,20181121,000885.SZ,41248.4
328,328.0,48909.541,-0.4789999999999992,8.0654,8.4662,8.0556,8.4564,-5.606,8.5444,20181120,000885.SZ,57852.1
329,329.0,46162.623,0.2346000000000004,8.5444,8.564,8.1925,8.3391,2.8232,8.3098,20181119,000885.SZ,53892.55
330,330.0,37879.775,0.06849999999999845,8.3098,8.4369,8.2511,8.2511,0.8312,8.2413,20181116,000885.SZ,44470.3
331,331.0,31335.206000000002,0.12710000000000046,8.2413,8.2609,8.1142,8.1827,1.5664,8.1142,20181115,000885.SZ,37372.7
