,Unnamed: 0,Unnamed: 0.1,amount,change,close,high,low,open,pct_chg,pre_close,trade_date,ts_code,vol
0,,,169167.112,-0.33999999999999986,5.48,5.74,5.47,5.7,-5.8419,5.82,20200410,600733.SH,302286.77
1,,,229893.119,0.2400000000000002,5.82,5.88,5.6,5.65,4.3011,5.58,20200409,600733.SH,398683.9
2,,,145895.325,-0.1200000000000001,5.58,5.79,5.54,5.63,-2.1053,5.7,20200408,600733.SH,259003.24
3,,,165499.027,0.1900000000000004,5.7,5.87,5.5,5.58,3.4483,5.51,20200407,600733.SH,293954.74
0,0.0,,121243.957,-0.1200000000000001,5.51,5.62,5.42,5.6,-2.1314,5.63,20200403,600733.SH,219305.76
1,1.0,,182081.68899999998,-0.1200000000000001,5.63,5.65,5.51,5.6,-2.0869999999999997,5.75,20200402,600733.SH,327226.51
2,2.0,,368400.23299999995,-0.2400000000000002,5.75,6.26,5.72,6.07,-4.0067,5.99,20200401,600733.SH,609534.12
3,3.0,,258156.985,0.2599999999999998,5.99,6.02,5.65,5.81,4.5375,5.73,20200331,600733.SH,439417.46
4,4.0,,215849.388,0.23000000000000045,5.73,5.84,5.37,5.45,4.1818,5.5,20200330,600733.SH,382179.59
5,0.0,0.0,147548.3,0.03000000000000025,5.5,5.71,5.48,5.53,0.5484,5.47,20200327,600733.SH,263803.19
6,1.0,1.0,135026.83800000002,-0.14000000000000054,5.47,5.55,5.37,5.52,-2.4955,5.61,20200326,600733.SH,247527.81
7,2.0,2.0,262299.586,0.3000000000000007,5.61,5.78,5.31,5.39,5.6497,5.31,20200325,600733.SH,472224.39
8,3.0,3.0,172193.533,0.4799999999999995,5.31,5.31,4.83,4.91,9.9379,4.83,20200324,600733.SH,341053.2
9,4.0,4.0,131862.00199999998,-0.3799999999999999,4.83,5.1,4.81,5.06,-7.2937,5.21,20200323,600733.SH,267518.61
10,5.0,5.0,133604.285,-0.09999999999999963,5.21,5.42,5.19,5.37,-1.8832,5.31,20200320,600733.SH,253118.74
11,6.0,6.0,142438.781,-0.11000000000000032,5.31,5.54,5.28,5.44,-2.0295,5.42,20200319,600733.SH,265962.27
12,7.0,7.0,97052.833,-0.17999999999999972,5.42,5.79,5.4,5.65,-3.2143,5.6,20200318,600733.SH,173404.77
13,8.0,8.0,70652.72,-0.010000000000000677,5.6,5.75,5.46,5.57,-0.1783,5.61,20200317,600733.SH,126536.34
14,9.0,9.0,116082.039,-0.3700000000000001,5.61,6.0,5.6,6.0,-6.1873,5.98,20200316,600733.SH,200134.25
15,10.0,10.0,120800.137,-0.05999999999999961,5.98,6.1,5.71,5.71,-0.9934,6.04,20200313,600733.SH,205921.78
16,11.0,11.0,151599.187,-0.049999999999999815,6.04,6.17,5.8,6.02,-0.821,6.09,20200312,600733.SH,254404.85
17,12.0,12.0,109423.355,-0.11000000000000032,6.09,6.29,6.07,6.22,-1.7742,6.2,20200311,600733.SH,176649.76
18,13.0,13.0,159338.66199999998,0.14000000000000054,6.2,6.2,5.84,6.0,2.3102,6.06,20200310,600733.SH,263382.57
19,14.0,14.0,203033.652,-0.4700000000000006,6.06,6.43,6.06,6.32,-7.1975,6.53,20200309,600733.SH,326488.62
20,15.0,15.0,174329.305,-0.21999999999999967,6.53,6.64,6.51,6.64,-3.2593,6.75,20200306,600733.SH,265466.78
21,16.0,16.0,244750.884,0.01999999999999957,6.75,6.85,6.62,6.81,0.2972,6.73,20200305,600733.SH,362616.24
22,17.0,17.0,214352.919,-0.11999999999999922,6.73,6.93,6.61,6.79,-1.7518,6.85,20200304,600733.SH,318312.4
23,18.0,18.0,333145.24,0.2399999999999993,6.85,6.98,6.66,6.79,3.6309,6.61,20200303,600733.SH,488321.1
24,19.0,19.0,146637.805,0.1800000000000006,6.61,6.69,6.41,6.47,2.7994,6.43,20200302,600733.SH,222767.62
25,20.0,20.0,178324.246,-0.3100000000000005,6.43,6.64,6.25,6.5,-4.5994,6.74,20200228,600733.SH,276552.26
26,21.0,21.0,191667.867,-0.08999999999999986,6.74,7.0,6.65,6.83,-1.3177,6.83,20200227,600733.SH,281241.61
27,22.0,22.0,324811.373,-0.2999999999999998,6.83,7.25,6.81,6.98,-4.2076,7.13,20200226,600733.SH,462868.76
28,23.0,23.0,481992.914,0.3200000000000003,7.13,7.49,6.36,6.61,4.699,6.81,20200225,600733.SH,695721.15
29,24.0,24.0,232077.527,-0.11000000000000032,6.81,6.91,6.71,6.78,-1.5896,6.92,20200224,600733.SH,341432.77
30,25.0,25.0,340006.031,0.16999999999999993,6.92,7.08,6.66,6.95,2.5185,6.75,20200221,600733.SH,496339.14
31,26.0,26.0,233542.149,0.1900000000000004,6.75,6.84,6.5,6.58,2.8963,6.56,20200220,600733.SH,346625.43
32,27.0,27.0,181183.828,-0.17000000000000082,6.56,6.89,6.55,6.77,-2.526,6.73,20200219,600733.SH,271065.55
33,28.0,28.0,195324.57100000003,0.10000000000000052,6.73,6.85,6.58,6.66,1.5083,6.63,20200218,600733.SH,290939.48
34,29.0,29.0,207931.142,0.17999999999999972,6.63,6.68,6.43,6.43,2.7907,6.45,20200217,600733.SH,315164.78
35,30.0,30.0,138349.733,-0.14999999999999947,6.45,6.56,6.38,6.5,-2.2727,6.6,20200214,600733.SH,213452.16
36,31.0,31.0,243786.917,0.14999999999999947,6.6,6.75,6.32,6.43,2.3256,6.45,20200213,600733.SH,372855.77
37,32.0,32.0,149758.80800000002,0.10000000000000052,6.45,6.56,6.29,6.33,1.5748,6.35,20200212,600733.SH,231882.48
38,33.0,33.0,143231.969,-0.20000000000000012,6.35,6.56,6.34,6.56,-3.0534,6.55,20200211,600733.SH,222971.76
39,34.0,34.0,236255.34,0.08000000000000007,6.55,6.68,6.36,6.5,1.2365,6.47,20200210,600733.SH,361427.2
40,35.0,35.0,250948.033,0.5899999999999999,6.47,6.47,5.78,5.82,10.034,5.88,20200207,600733.SH,411415.51
41,36.0,36.0,138658.392,0.01999999999999957,5.88,5.92,5.72,5.73,0.3413,5.86,20200206,600733.SH,238252.35
42,37.0,37.0,191270.333,0.09000000000000075,5.86,6.11,5.81,5.92,1.5598,5.77,20200205,600733.SH,320731.41
43,38.0,38.0,179240.375,-0.0600000000000005,5.77,6.05,5.37,5.37,-1.0292,5.83,20200204,600733.SH,310691.88
44,39.0,39.0,31549.045,-0.6500000000000004,5.83,5.83,5.83,5.83,-10.0309,6.48,20200203,600733.SH,54115.0
45,40.0,40.0,211782.748,-0.3099999999999996,6.48,6.83,6.34,6.68,-4.5655,6.79,20200123,600733.SH,321868.1
46,41.0,41.0,274444.253,0.16000000000000014,6.79,6.96,6.43,6.58,2.4133,6.63,20200122,600733.SH,404995.33
47,42.0,42.0,296344.36,-0.3799999999999999,6.63,6.91,6.53,6.9,-5.4208,7.01,20200121,600733.SH,442884.68
48,43.0,43.0,370898.179,-0.11000000000000032,7.01,7.19,6.84,7.05,-1.5449,7.12,20200120,600733.SH,530474.31
49,44.0,44.0,632328.731,0.2599999999999998,7.12,7.49,6.7,7.0,3.7901,6.86,20200117,600733.SH,894791.74
50,45.0,45.0,414684.283,0.6200000000000001,6.86,6.86,6.25,6.32,9.9359,6.24,20200116,600733.SH,621754.46
51,46.0,46.0,204408.514,-0.25,6.24,6.47,6.2,6.4,-3.8521,6.49,20200115,600733.SH,325386.0
52,47.0,47.0,474298.964,-0.20000000000000012,6.49,6.92,6.46,6.82,-2.9895,6.69,20200114,600733.SH,710111.21
53,48.0,48.0,432057.139,0.6100000000000003,6.69,6.69,6.45,6.55,10.0329,6.08,20200113,600733.SH,650956.49
54,49.0,49.0,103892.695,-0.1299999999999999,6.08,6.27,6.07,6.27,-2.0934,6.21,20200110,600733.SH,169615.39
55,50.0,50.0,138558.762,0.1200000000000001,6.21,6.35,6.16,6.18,1.9704,6.09,20200109,600733.SH,222142.15
56,51.0,51.0,119933.42,-0.040000000000000036,6.09,6.28,6.06,6.12,-0.6525,6.13,20200108,600733.SH,194918.7
57,52.0,52.0,108040.121,0.01999999999999957,6.13,6.2,6.09,6.15,0.3273,6.11,20200107,600733.SH,176077.99
58,53.0,53.0,141253.971,0.03000000000000025,6.11,6.23,5.97,6.08,0.4934,6.08,20200106,600733.SH,231699.85
59,54.0,54.0,157013.97,0.09999999999999963,6.08,6.18,5.94,5.99,1.6722,5.98,20200103,600733.SH,258358.33
60,55.0,55.0,103443.088,0.14000000000000054,5.98,6.02,5.88,6.02,2.3973,5.84,20200102,600733.SH,173347.73
61,56.0,56.0,103754.973,0.049999999999999815,5.84,6.05,5.8,5.88,0.8636,5.79,20191231,600733.SH,175455.74
62,57.0,57.0,91210.138,0.040000000000000036,5.79,5.84,5.5,5.7,0.6957,5.75,20191230,600733.SH,159828.11
63,58.0,58.0,82616.315,-0.049999999999999815,5.75,5.93,5.74,5.8,-0.8621,5.8,20191227,600733.SH,141851.15
64,59.0,59.0,69642.065,-0.009999999999999787,5.8,5.87,5.72,5.81,-0.1721,5.81,20191226,600733.SH,120861.65
65,60.0,60.0,85309.241,-0.040000000000000036,5.81,6.02,5.76,5.89,-0.6838,5.85,20191225,600733.SH,144968.55
66,61.0,61.0,90678.385,0.16999999999999993,5.85,5.9,5.68,5.71,2.9930000000000003,5.68,20191224,600733.SH,156833.54
67,62.0,62.0,118164.943,-0.3000000000000007,5.68,5.99,5.65,5.95,-5.0167,5.98,20191223,600733.SH,204180.1
68,63.0,63.0,121877.942,-0.07999999999999917,5.98,6.21,5.97,6.11,-1.3201,6.06,20191220,600733.SH,200308.3
69,64.0,64.0,99508.61,-0.040000000000000036,6.06,6.12,6.02,6.1,-0.6557,6.1,20191219,600733.SH,164055.99
70,65.0,65.0,121438.603,-0.05000000000000071,6.1,6.24,6.08,6.15,-0.813,6.15,20191218,600733.SH,197790.44
71,66.0,66.0,157934.429,0.0600000000000005,6.15,6.29,6.06,6.08,0.9852,6.09,20191217,600733.SH,255849.5
72,67.0,67.0,124541.446,-0.049999999999999815,6.09,6.14,6.01,6.03,-0.8143,6.14,20191216,600733.SH,204515.35
73,68.0,68.0,176697.741,-0.05000000000000071,6.14,6.21,6.06,6.17,-0.8078,6.19,20191213,600733.SH,287649.67
74,69.0,69.0,216858.767,0.05000000000000071,6.19,6.32,6.0,6.13,0.8143,6.14,20191212,600733.SH,350439.65
75,70.0,70.0,255000.009,0.3099999999999996,6.14,6.36,5.73,5.8,5.3173,5.83,20191211,600733.SH,420484.17
76,71.0,71.0,124387.747,-0.03000000000000025,5.83,5.89,5.73,5.8,-0.5119,5.86,20191210,600733.SH,213912.8
77,72.0,72.0,168646.366,0.16999999999999993,5.86,5.93,5.61,5.68,2.9877,5.69,20191209,600733.SH,292817.89
78,73.0,73.0,112782.049,-0.0699999999999994,5.69,5.77,5.61,5.75,-1.2153,5.76,20191206,600733.SH,198854.54
79,74.0,74.0,140158.962,0.0,5.76,5.8,5.65,5.73,0.0,5.76,20191205,600733.SH,244964.96
80,75.0,75.0,211126.596,-0.23000000000000045,5.76,5.94,5.73,5.87,-3.8397,5.99,20191204,600733.SH,363468.35
81,76.0,76.0,320289.143,0.2599999999999998,5.99,6.16,5.59,5.73,4.5375,5.73,20191203,600733.SH,551353.77
82,77.0,77.0,200701.372,0.5200000000000005,5.73,5.73,5.24,5.24,9.9808,5.21,20191202,600733.SH,362781.48
83,78.0,78.0,43048.145,0.040000000000000036,5.21,5.24,5.13,5.18,0.7737,5.17,20191129,600733.SH,82950.01
84,79.0,79.0,37768.55,-0.08999999999999986,5.17,5.29,5.15,5.24,-1.711,5.26,20191128,600733.SH,72522.98
85,80.0,80.0,52637.813,-0.07000000000000027,5.26,5.38,5.22,5.35,-1.3133,5.33,20191127,600733.SH,99129.57
86,81.0,81.0,94971.381,-0.11000000000000032,5.33,5.47,5.33,5.42,-2.0221,5.44,20191126,600733.SH,176110.0
87,82.0,82.0,82758.36,0.10000000000000052,5.44,5.45,5.3,5.34,1.8727,5.34,20191125,600733.SH,153465.82
88,83.0,83.0,76171.84,0.08000000000000007,5.34,5.45,5.26,5.3,1.5209,5.26,20191122,600733.SH,142542.81
89,84.0,84.0,46575.001,-0.040000000000000036,5.26,5.32,5.21,5.26,-0.7547,5.3,20191121,600733.SH,88420.76
90,85.0,85.0,79793.646,-0.1200000000000001,5.3,5.5,5.27,5.4,-2.214,5.42,20191120,600733.SH,148236.22
91,86.0,86.0,95701.533,0.01999999999999957,5.42,5.51,5.31,5.39,0.3704,5.4,20191119,600733.SH,176540.56
92,87.0,87.0,88200.258,0.05000000000000071,5.4,5.57,5.29,5.35,0.9346,5.35,20191118,600733.SH,162506.57
93,88.0,88.0,110021.189,0.16999999999999993,5.35,5.45,5.11,5.2,3.2819,5.18,20191115,600733.SH,208380.73
94,89.0,89.0,60242.264,0.10999999999999943,5.18,5.24,5.05,5.09,2.1696,5.07,20191114,600733.SH,116721.06
95,90.0,90.0,67902.423,-0.13999999999999968,5.07,5.22,5.02,5.21,-2.6871,5.21,20191113,600733.SH,133286.12
96,91.0,91.0,59047.851,-0.08999999999999986,5.21,5.32,5.17,5.29,-1.6981,5.3,20191112,600733.SH,113182.3
97,92.0,92.0,58472.309,-0.16000000000000014,5.3,5.43,5.3,5.43,-2.9304,5.46,20191111,600733.SH,109550.87
98,93.0,93.0,71118.797,0.0,5.46,5.58,5.45,5.5,0.0,5.46,20191108,600733.SH,129056.74
99,94.0,94.0,76543.594,0.040000000000000036,5.46,5.6,5.31,5.38,0.738,5.42,20191107,600733.SH,140703.18
100,95.0,95.0,54119.568,-0.08000000000000007,5.42,5.53,5.4,5.51,-1.4545,5.5,20191106,600733.SH,99045.04
101,96.0,96.0,99637.404,0.08999999999999986,5.5,5.62,5.42,5.42,1.6636,5.41,20191105,600733.SH,180195.15
102,97.0,97.0,74763.058,-0.1200000000000001,5.41,5.55,5.41,5.55,-2.17,5.53,20191104,600733.SH,136810.95
103,98.0,98.0,72105.05900000001,0.0,5.53,5.57,5.45,5.52,0.0,5.53,20191101,600733.SH,130622.19
104,99.0,99.0,65775.734,-0.08000000000000007,5.53,5.66,5.51,5.6,-1.426,5.61,20191031,600733.SH,117814.6
105,100.0,100.0,146489.93300000002,-0.5,5.61,5.84,5.56,5.84,-8.1833,6.11,20191030,600733.SH,258262.9
106,101.0,101.0,59964.03400000001,-0.13999999999999968,6.11,6.28,6.09,6.27,-2.24,6.25,20191029,600733.SH,97269.0
107,102.0,102.0,71113.524,0.09999999999999963,6.25,6.26,6.08,6.15,1.626,6.15,20191028,600733.SH,114627.59
108,103.0,103.0,65274.983,0.020000000000000462,6.15,6.19,6.02,6.12,0.3263,6.13,20191025,600733.SH,106867.27
109,104.0,104.0,44509.692,-0.07000000000000027,6.13,6.23,6.13,6.22,-1.129,6.2,20191024,600733.SH,72052.5
110,105.0,105.0,48175.868,-0.08000000000000007,6.2,6.27,6.16,6.26,-1.2739,6.28,20191023,600733.SH,77668.75
111,106.0,106.0,37498.692,0.020000000000000462,6.28,6.29,6.2,6.2,0.3195,6.26,20191022,600733.SH,60031.27
112,107.0,107.0,52762.929,-0.08999999999999986,6.26,6.36,6.17,6.35,-1.4173,6.35,20191021,600733.SH,84876.25
113,108.0,108.0,48553.871,-0.020000000000000462,6.35,6.43,6.31,6.37,-0.314,6.37,20191018,600733.SH,76237.1
114,109.0,109.0,35298.224,0.0,6.37,6.43,6.32,6.34,0.0,6.37,20191017,600733.SH,55342.0
115,110.0,110.0,72301.52799999999,-0.16999999999999993,6.37,6.6,6.35,6.56,-2.5994,6.54,20191016,600733.SH,112344.07
116,111.0,111.0,116562.441,0.11000000000000032,6.54,6.71,6.43,6.47,1.7107,6.43,20191015,600733.SH,177634.35
117,112.0,112.0,72671.663,0.10999999999999943,6.43,6.44,6.34,6.37,1.7405,6.32,20191014,600733.SH,113481.02
118,113.0,113.0,48165.943,-0.01999999999999957,6.32,6.37,6.27,6.32,-0.3155,6.34,20191011,600733.SH,76177.84
119,114.0,114.0,52770.768,0.07000000000000027,6.34,6.37,6.25,6.27,1.1164,6.27,20191010,600733.SH,83418.67
120,115.0,115.0,41008.573,0.03999999999999915,6.27,6.29,6.15,6.22,0.6421,6.23,20191009,600733.SH,65841.66
121,116.0,116.0,53253.718,-0.10999999999999943,6.23,6.35,6.22,6.35,-1.735,6.34,20191008,600733.SH,84768.24
122,117.0,117.0,46227.103,-0.03000000000000025,6.34,6.41,6.34,6.4,-0.471,6.37,20190930,600733.SH,72564.9
123,118.0,118.0,62847.53400000001,0.049999999999999815,6.37,6.43,6.32,6.32,0.7911,6.32,20190927,600733.SH,98442.25
124,119.0,119.0,139935.921,-0.33999999999999986,6.32,6.69,6.32,6.66,-5.1051,6.66,20190926,600733.SH,216744.76
125,120.0,120.0,139068.716,-0.21999999999999967,6.66,6.81,6.65,6.81,-3.1977,6.88,20190925,600733.SH,207712.53
126,121.0,121.0,145708.18,0.05999999999999961,6.88,6.99,6.75,6.85,0.8798,6.82,20190924,600733.SH,212101.58
127,122.0,122.0,124347.391,-0.13999999999999968,6.82,6.94,6.78,6.89,-2.0115,6.96,20190923,600733.SH,182241.0
128,123.0,123.0,158778.00699999998,0.08999999999999986,6.96,7.09,6.88,6.9,1.31,6.87,20190920,600733.SH,227462.02
129,124.0,124.0,110664.637,-0.040000000000000036,6.87,6.94,6.78,6.92,-0.5789,6.91,20190919,600733.SH,161847.85
130,125.0,125.0,108768.4,-0.08000000000000007,6.91,7.03,6.86,6.98,-1.1445,6.99,20190918,600733.SH,157120.26
131,126.0,126.0,154716.62,-0.25,6.99,7.23,6.93,7.19,-3.4530000000000003,7.24,20190917,600733.SH,219427.73
132,127.0,127.0,156681.742,-0.1200000000000001,7.24,7.44,7.18,7.44,-1.6304,7.36,20190916,600733.SH,214646.13
133,128.0,128.0,119887.992,-0.009999999999999787,7.36,7.39,7.28,7.37,-0.1357,7.37,20190912,600733.SH,163682.69
134,129.0,129.0,231359.721,0.15000000000000036,7.37,7.5,7.2,7.25,2.0776,7.22,20190911,600733.SH,313653.53
135,130.0,130.0,122332.678,-0.010000000000000677,7.22,7.28,7.17,7.28,-0.1383,7.23,20190910,600733.SH,169892.38
136,131.0,131.0,149722.823,0.040000000000000036,7.23,7.32,7.15,7.26,0.5563,7.19,20190909,600733.SH,207769.11
137,132.0,132.0,185860.913,0.17000000000000082,7.19,7.29,7.11,7.13,2.4217,7.02,20190906,600733.SH,258635.66
138,133.0,133.0,157163.88199999998,0.1299999999999999,7.02,7.07,6.9,6.92,1.8868,6.89,20190905,600733.SH,224182.57
139,134.0,134.0,91494.636,0.05999999999999961,6.89,6.92,6.75,6.8,0.8785,6.83,20190904,600733.SH,133779.0
140,135.0,135.0,91211.883,-0.049999999999999815,6.83,6.88,6.76,6.87,-0.7267,6.88,20190903,600733.SH,133756.38
141,136.0,136.0,107337.099,0.1200000000000001,6.88,6.92,6.76,6.76,1.7751,6.76,20190902,600733.SH,156399.06
142,137.0,137.0,151459.954,-0.20000000000000012,6.76,6.96,6.7,6.96,-2.8736,6.96,20190830,600733.SH,221818.56
143,138.0,138.0,170618.413,-0.21999999999999967,6.96,7.18,6.9,7.1,-3.0641,7.18,20190829,600733.SH,243907.31
144,139.0,139.0,221086.509,0.14999999999999947,7.18,7.5,7.17,7.35,2.1337,7.03,20190828,600733.SH,301787.71
145,140.0,140.0,112298.142,0.040000000000000036,7.03,7.11,6.94,7.01,0.5722,6.99,20190827,600733.SH,159408.76
146,141.0,141.0,100033.308,-0.14999999999999947,6.99,7.08,6.86,6.9,-2.1008,7.14,20190826,600733.SH,143530.97
147,142.0,142.0,109755.841,-0.15000000000000036,7.14,7.3,7.12,7.25,-2.0576,7.29,20190823,600733.SH,153098.73
148,143.0,143.0,133574.31900000002,0.03000000000000025,7.29,7.52,7.14,7.24,0.4132,7.26,20190822,600733.SH,182184.25
149,144.0,144.0,86488.63,0.08000000000000007,7.26,7.31,7.13,7.21,1.1142,7.18,20190821,600733.SH,119770.37
150,145.0,145.0,57317.318,-0.020000000000000462,7.18,7.37,7.18,7.28,-0.2778,7.2,20190820,600733.SH,78987.74
151,146.0,146.0,59275.60400000001,0.16000000000000014,7.2,7.25,7.04,7.06,2.2727,7.04,20190819,600733.SH,82771.69
152,147.0,147.0,35487.178,-0.03000000000000025,7.04,7.15,7.02,7.02,-0.4243,7.07,20190816,600733.SH,50095.04
153,148.0,148.0,52477.201,-0.08999999999999986,7.07,7.15,6.9,6.98,-1.257,7.16,20190815,600733.SH,74901.25
154,149.0,149.0,32379.48,0.0,7.16,7.3,7.15,7.28,0.0,7.16,20190814,600733.SH,44914.95
155,150.0,150.0,35119.786,-0.16999999999999993,7.16,7.26,7.12,7.26,-2.3192,7.33,20190813,600733.SH,48972.5
156,151.0,151.0,29241.335,0.020000000000000462,7.33,7.34,7.26,7.26,0.2736,7.31,20190812,600733.SH,40072.82
157,152.0,152.0,49934.851,0.009999999999999787,7.31,7.55,7.27,7.37,0.13699999999999998,7.3,20190809,600733.SH,67554.25
158,153.0,153.0,35695.701,0.01999999999999957,7.3,7.39,7.3,7.38,0.2747,7.28,20190808,600733.SH,48614.22
159,154.0,154.0,42311.42,-0.040000000000000036,7.28,7.44,7.28,7.43,-0.5464,7.32,20190807,600733.SH,57575.32
160,155.0,155.0,102387.786,-0.3899999999999997,7.32,7.6,7.05,7.58,-5.0584,7.71,20190806,600733.SH,139130.78
161,156.0,156.0,51870.657,-0.15000000000000036,7.71,7.9,7.71,7.86,-1.9084,7.86,20190805,600733.SH,66652.25
162,157.0,157.0,49836.15900000001,-0.14999999999999947,7.86,7.95,7.74,7.87,-1.8727,8.01,20190802,600733.SH,63388.4
163,158.0,158.0,48871.203,-0.040000000000000924,8.01,8.12,7.94,7.97,-0.4969,8.05,20190801,600733.SH,61083.07
164,159.0,159.0,76682.994,0.05000000000000071,8.05,8.23,7.91,7.96,0.625,8.0,20190731,600733.SH,95268.19
165,160.0,160.0,50304.002,-0.029999999999999364,8.0,8.11,7.99,8.06,-0.3736,8.03,20190730,600733.SH,62649.25
166,161.0,161.0,34638.384,-0.030000000000001137,8.03,8.09,8.0,8.03,-0.3722,8.06,20190729,600733.SH,43141.24
167,162.0,162.0,62858.758,-0.08999999999999986,8.06,8.15,7.98,8.14,-1.1043,8.15,20190726,600733.SH,78125.52
168,163.0,163.0,59061.683,-0.049999999999998934,8.15,8.26,8.15,8.2,-0.6098,8.2,20190725,600733.SH,72166.25
169,164.0,164.0,105431.957,-0.08000000000000007,8.2,8.35,8.16,8.16,-0.9662,8.28,20190724,600733.SH,127773.75
170,165.0,165.0,170998.99,0.4599999999999991,8.28,8.6,7.7,7.85,5.8824,7.82,20190723,600733.SH,206695.06
171,166.0,166.0,80807.358,-0.3100000000000005,7.82,8.2,7.8,8.13,-3.813,8.13,20190722,600733.SH,101825.45
172,167.0,167.0,49674.559,0.05000000000000071,8.13,8.25,8.1,8.12,0.6188,8.08,20190719,600733.SH,60769.4
173,168.0,168.0,64073.108,-0.25,8.08,8.26,8.06,8.26,-3.0012,8.33,20190718,600733.SH,78618.43
174,169.0,169.0,86200.899,0.0600000000000005,8.33,8.43,8.2,8.26,0.7255,8.27,20190717,600733.SH,103849.12
175,170.0,170.0,38773.715,0.009999999999999787,8.27,8.32,8.18,8.22,0.1211,8.26,20190716,600733.SH,46958.5
176,171.0,171.0,65723.328,0.01999999999999957,8.26,8.28,8.0,8.23,0.2427,8.24,20190715,600733.SH,80581.0
177,172.0,172.0,58308.89599999999,-0.029999999999999364,8.24,8.34,8.21,8.29,-0.3628,8.27,20190712,600733.SH,70572.6
178,173.0,173.0,85906.231,-0.13000000000000078,8.27,8.48,8.26,8.43,-1.5476,8.4,20190711,600733.SH,102849.75
179,174.0,174.0,92041.096,-0.2699999999999996,8.4,8.66,8.34,8.66,-3.1142,8.67,20190710,600733.SH,108877.89
180,175.0,175.0,114443.752,0.25,8.67,8.78,8.38,8.4,2.9691,8.42,20190709,600733.SH,133165.87
181,176.0,176.0,135822.923,-0.5,8.42,8.9,8.36,8.9,-5.6054,8.92,20190708,600733.SH,159147.91
182,177.0,177.0,121259.88,-0.17999999999999972,8.92,9.08,8.9,9.08,-1.978,9.1,20190705,600733.SH,135199.52
183,178.0,178.0,233846.891,0.1899999999999995,9.1,9.17,8.85,8.89,2.1324,8.91,20190704,600733.SH,257676.5
184,179.0,179.0,187309.629,-0.009999999999999787,8.91,9.06,8.72,8.8,-0.1121,8.92,20190703,600733.SH,211133.52
185,180.0,180.0,307844.567,0.41000000000000014,8.92,9.36,8.43,8.52,4.8179,8.51,20190702,600733.SH,342784.64
186,181.0,181.0,92654.265,0.25,8.51,8.56,8.34,8.45,3.0266,8.26,20190701,600733.SH,109730.12
187,182.0,182.0,114375.862,-0.33999999999999986,8.26,8.67,8.24,8.66,-3.9535,8.6,20190628,600733.SH,136195.25
188,183.0,183.0,88859.523,-0.08999999999999986,8.6,8.72,8.56,8.65,-1.0357,8.69,20190627,600733.SH,102649.46
189,184.0,184.0,55196.998,0.0,8.69,8.78,8.61,8.63,0.0,8.69,20190626,600733.SH,63357.0
190,185.0,185.0,85248.43400000001,-0.16999999999999993,8.69,8.85,8.64,8.79,-1.9187,8.86,20190625,600733.SH,97829.63
191,186.0,186.0,102830.732,0.07000000000000027,8.86,8.86,8.66,8.79,0.7964,8.79,20190624,600733.SH,117462.25
192,187.0,187.0,114949.296,0.0799999999999983,8.79,8.84,8.72,8.75,0.9185,8.71,20190621,600733.SH,131050.76
193,188.0,188.0,102233.86,0.10000000000000142,8.71,8.75,8.56,8.61,1.1614,8.61,20190620,600733.SH,117734.29
194,189.0,189.0,77872.336,0.029999999999999364,8.61,8.79,8.6,8.75,0.3497,8.58,20190619,600733.SH,89823.0
195,190.0,190.0,52600.316,-0.009999999999999787,8.58,8.65,8.53,8.59,-0.1164,8.59,20190618,600733.SH,61290.22
196,191.0,191.0,69683.584,-0.040000000000000924,8.59,8.72,8.59,8.66,-0.4635,8.63,20190617,600733.SH,80724.51
197,192.0,192.0,145053.316,-0.3199999999999985,8.63,8.9,8.62,8.85,-3.5754,8.95,20190614,600733.SH,165869.16
198,193.0,193.0,193834.428,0.08999999999999986,8.95,9.09,8.62,8.86,1.0158,8.86,20190613,600733.SH,218908.13
199,194.0,194.0,157150.527,-0.21000000000000085,8.86,9.02,8.81,8.99,-2.3153,9.07,20190612,600733.SH,176338.26
200,195.0,195.0,244132.997,0.23000000000000045,9.07,9.12,8.62,8.68,2.6018,8.84,20190611,600733.SH,274110.15
201,196.0,196.0,158919.103,0.20999999999999908,8.84,9.03,8.75,8.95,2.4334,8.63,20190610,600733.SH,179179.0
202,197.0,197.0,105246.938,-0.14999999999999858,8.63,8.98,8.6,8.74,-1.7084,8.78,20190606,600733.SH,119777.5
203,198.0,198.0,122956.585,0.21999999999999886,8.78,8.96,8.58,8.68,2.5701,8.56,20190605,600733.SH,140284.0
204,199.0,199.0,89013.681,-0.22999999999999865,8.56,8.79,8.53,8.79,-2.6166,8.79,20190604,600733.SH,103311.0
205,200.0,200.0,116873.015,-0.02000000000000135,8.79,8.98,8.58,8.85,-0.227,8.81,20190603,600733.SH,133175.4
206,201.0,201.0,119892.22,0.1100000000000012,8.81,8.95,8.78,8.9,1.2644,8.7,20190531,600733.SH,135211.25
207,202.0,202.0,110085.145,-0.10000000000000142,8.7,8.95,8.61,8.73,-1.1364,8.8,20190530,600733.SH,126056.15
208,203.0,203.0,115116.088,-0.1399999999999988,8.8,9.0,8.78,8.98,-1.5659999999999998,8.94,20190529,600733.SH,129815.5
209,204.0,204.0,139426.34,-0.08999999999999986,8.94,9.21,8.91,8.94,-0.9967,9.03,20190528,600733.SH,153547.36
210,205.0,205.0,137573.482,0.09999999999999963,9.03,9.1,8.68,8.86,1.1198,8.93,20190527,600733.SH,154115.54
211,206.0,206.0,164125.08,0.2400000000000002,8.93,9.17,8.58,8.6,2.7618,8.69,20190524,600733.SH,185279.85
212,207.0,207.0,148061.396,-0.2400000000000002,8.69,8.9,8.52,8.88,-2.6876,8.93,20190523,600733.SH,170691.63
213,208.0,208.0,137932.36,-0.3100000000000005,8.93,9.29,8.85,9.27,-3.355,9.24,20190522,600733.SH,152683.74
214,209.0,209.0,109834.457,0.08999999999999986,9.24,9.3,9.06,9.08,0.9836,9.15,20190521,600733.SH,119237.4
215,210.0,210.0,125704.18,-0.029999999999999364,9.15,9.32,8.91,9.19,-0.3268,9.18,20190520,600733.SH,138366.04
216,211.0,211.0,255760.123,-0.7300000000000004,9.18,9.88,9.05,9.81,-7.3663,9.91,20190517,600733.SH,270251.32
217,212.0,212.0,293179.905,-0.03999999999999915,9.91,10.39,9.91,10.05,-0.402,9.95,20190516,600733.SH,290159.22
218,213.0,213.0,237239.075,0.21999999999999886,9.95,10.02,9.65,9.8,2.261,9.73,20190515,600733.SH,240944.75
219,214.0,214.0,183804.671,-0.1999999999999993,9.73,9.87,9.57,9.6,-2.0141,9.93,20190514,600733.SH,188570.99
220,215.0,215.0,245793.595,0.129999999999999,9.93,10.07,9.56,9.76,1.3265,9.8,20190513,600733.SH,249455.35
221,216.0,216.0,323323.75,0.39000000000000057,9.8,9.88,9.11,9.5,4.1445,9.41,20190510,600733.SH,335739.51
222,217.0,217.0,376553.263,-0.4000000000000004,9.41,10.18,9.37,9.65,-4.0775,9.81,20190509,600733.SH,386858.94
223,218.0,218.0,222758.334,0.8900000000000006,9.81,9.81,8.6,8.62,9.9776,8.92,20190508,600733.SH,238579.63
224,219.0,219.0,191027.424,0.17999999999999972,8.92,9.18,8.72,8.83,2.0595,8.74,20190507,600733.SH,213751.95
225,220.0,220.0,241731.147,-0.9700000000000006,8.74,9.36,8.74,9.2,-9.9897,9.71,20190506,600733.SH,268603.0
226,221.0,221.0,183736.021,0.2600000000000016,9.71,9.72,9.46,9.52,2.7513,9.45,20190430,600733.SH,191664.72
227,222.0,222.0,290883.898,-0.5600000000000005,9.45,10.21,9.15,10.05,-5.5944,10.01,20190429,600733.SH,302859.97
228,223.0,223.0,367827.953,-0.5299999999999994,10.01,10.47,9.91,10.21,-5.0285,10.54,20190426,600733.SH,363431.81
229,224.0,224.0,581011.048,-1.1300000000000008,10.54,11.65,10.5,11.56,-9.6829,11.67,20190425,600733.SH,529736.34
230,225.0,225.0,602294.947,0.5899999999999999,11.67,11.9,11.12,11.2,5.3249,11.08,20190424,600733.SH,520243.99
231,226.0,226.0,421575.2020000001,-0.08999999999999986,11.08,11.5,11.03,11.4,-0.8057,11.17,20190423,600733.SH,374423.7
232,227.0,227.0,629928.829,-0.5400000000000009,11.17,11.89,11.11,11.58,-4.6114,11.71,20190422,600733.SH,551589.21
233,228.0,228.0,870313.2209999998,0.7200000000000006,11.71,12.01,10.7,10.7,6.5514,10.99,20190419,600733.SH,755296.86
234,229.0,229.0,1163540.737,-0.25,10.99,12.21,10.95,11.79,-2.2242,11.24,20190418,600733.SH,998849.58
235,230.0,230.0,643978.346,1.0199999999999996,11.24,11.24,10.2,10.22,9.9804,10.22,20190417,600733.SH,598732.45
236,231.0,231.0,520728.945,-0.1999999999999993,10.22,10.37,9.54,10.15,-1.9194,10.42,20190416,600733.SH,521122.97
237,232.0,232.0,559170.193,-0.4499999999999993,10.42,10.99,10.36,10.92,-4.1398,10.87,20190415,600733.SH,525152.83
238,233.0,233.0,847446.6159999998,0.3199999999999985,10.87,11.33,10.31,10.63,3.0332,10.55,20190412,600733.SH,780196.9
239,234.0,234.0,1059329.744,0.20000000000000107,10.55,11.29,10.27,10.35,1.9324,10.35,20190411,600733.SH,984591.35
240,235.0,235.0,896607.9759999998,0.9399999999999996,10.35,10.35,9.28,9.33,9.9894,9.41,20190410,600733.SH,888254.28
241,236.0,236.0,193653.658,0.07000000000000027,9.41,9.55,9.3,9.34,0.7495,9.34,20190409,600733.SH,205407.04
242,237.0,237.0,287210.4,-0.14000000000000054,9.34,9.73,9.23,9.55,-1.4768,9.48,20190408,600733.SH,303011.77
243,238.0,238.0,400060.133,-0.17999999999999972,9.48,9.83,9.46,9.54,-1.8634,9.66,20190404,600733.SH,415909.9
244,239.0,239.0,530768.011,0.1999999999999993,9.66,9.87,9.08,9.36,2.1142,9.46,20190403,600733.SH,563143.58
245,240.0,240.0,633446.8,0.09000000000000162,9.46,9.58,9.11,9.25,0.9605,9.37,20190402,600733.SH,673489.25
246,241.0,241.0,580048.081,0.8499999999999996,9.37,9.37,8.46,8.53,9.9765,8.52,20190401,600733.SH,638624.0
247,242.0,242.0,161221.022,0.3300000000000001,8.52,8.52,8.11,8.2,4.0293,8.19,20190329,600733.SH,194013.36
248,243.0,243.0,159622.62,-0.33999999999999986,8.19,8.53,8.17,8.53,-3.9859,8.53,20190328,600733.SH,192377.64
249,244.0,244.0,194801.051,-0.22000000000000064,8.53,8.86,8.4,8.86,-2.5143,8.75,20190327,600733.SH,227719.07
250,245.0,245.0,253774.66,-0.4399999999999995,8.75,9.2,8.68,9.2,-4.7878,9.19,20190326,600733.SH,284067.83
251,246.0,246.0,418574.02200000006,0.2400000000000002,9.19,9.47,8.88,8.93,2.6816,8.95,20190325,600733.SH,453001.59
252,247.0,247.0,264280.30600000004,0.16000000000000014,8.95,9.13,8.63,8.78,1.8203,8.79,20190322,600733.SH,296826.8
253,248.0,248.0,166364.13199999998,0.009999999999999787,8.79,8.84,8.7,8.73,0.1139,8.78,20190321,600733.SH,189586.42
254,249.0,249.0,140971.491,0.05999999999999873,8.78,8.84,8.62,8.68,0.6881,8.72,20190320,600733.SH,161369.41
255,250.0,250.0,158038.25699999998,-0.11999999999999922,8.72,8.86,8.68,8.81,-1.3575,8.84,20190319,600733.SH,180377.26
256,251.0,251.0,189732.867,0.20999999999999908,8.84,8.88,8.56,8.59,2.4334,8.63,20190318,600733.SH,215758.6
257,252.0,252.0,130063.7,0.08000000000000007,8.63,8.77,8.57,8.6,0.9357,8.55,20190315,600733.SH,150068.21
258,253.0,253.0,179132.542,-0.23999999999999844,8.55,8.78,8.44,8.69,-2.7304,8.79,20190314,600733.SH,208555.32
259,254.0,254.0,192302.165,-0.2600000000000016,8.79,9.08,8.73,9.06,-2.8729,9.05,20190313,600733.SH,216350.44
260,255.0,255.0,271728.658,0.1100000000000012,9.05,9.15,8.88,8.95,1.2304,8.94,20190312,600733.SH,301156.22
261,256.0,256.0,198757.519,0.27999999999999936,8.94,9.04,8.63,8.65,3.2333,8.66,20190311,600733.SH,224787.43
262,257.0,257.0,323778.456,-0.7400000000000002,8.66,9.22,8.53,9.21,-7.8723,9.4,20190308,600733.SH,361638.2
263,258.0,258.0,373122.434,-0.15000000000000036,9.4,9.52,9.23,9.4,-1.5707,9.55,20190307,600733.SH,398937.91
264,259.0,259.0,505401.073,0.5100000000000016,9.55,9.68,8.97,9.14,5.6416,9.04,20190306,600733.SH,537529.43
265,260.0,260.0,255562.629,0.009999999999999787,9.04,9.1,8.87,8.93,0.1107,9.03,20190305,600733.SH,284793.04
266,261.0,261.0,382883.416,0.17999999999999972,9.03,9.22,8.74,8.89,2.0339,8.85,20190304,600733.SH,428157.13
267,262.0,262.0,170476.61,-0.09999999999999963,8.85,8.95,8.71,8.95,-1.1173,8.95,20190301,600733.SH,193362.78
268,263.0,263.0,228585.955,0.2699999999999996,8.95,8.95,8.68,8.77,3.1106,8.68,20190228,600733.SH,259225.64
269,264.0,264.0,282973.56,-0.2599999999999998,8.68,9.04,8.6,8.9,-2.9083,8.94,20190227,600733.SH,320515.94
270,265.0,265.0,385353.991,-0.05000000000000071,8.94,9.37,8.89,9.06,-0.5562,8.99,20190226,600733.SH,421609.84
271,266.0,266.0,385866.29,0.4399999999999995,8.99,9.05,8.52,8.73,5.1462,8.55,20190225,600733.SH,438762.98
272,267.0,267.0,256739.573,0.07000000000000027,8.55,8.79,8.51,8.59,0.8255,8.48,20190222,600733.SH,298791.21
273,268.0,268.0,328339.567,0.09999999999999963,8.48,8.73,8.29,8.36,1.1933,8.38,20190221,600733.SH,385852.11
274,269.0,269.0,204026.962,0.19000000000000128,8.38,8.38,8.1,8.17,2.3199,8.19,20190220,600733.SH,247314.67
275,270.0,270.0,203436.152,0.0,8.19,8.38,8.08,8.17,0.0,8.19,20190219,600733.SH,248135.53
276,271.0,271.0,203463.009,0.10999999999999943,8.19,8.21,7.86,7.86,1.3614,8.08,20190218,600733.SH,252376.77
277,272.0,272.0,114395.284,-0.11999999999999922,8.08,8.25,8.07,8.2,-1.4634,8.2,20190215,600733.SH,140269.1
278,273.0,273.0,153788.419,-0.08999999999999986,8.2,8.32,8.1,8.23,-1.0856,8.29,20190214,600733.SH,187689.07
279,274.0,274.0,167726.411,0.3199999999999994,8.29,8.38,7.93,7.94,4.0151,7.97,20190213,600733.SH,205571.67
280,275.0,275.0,85016.129,0.08000000000000007,7.97,8.03,7.84,7.89,1.0139,7.89,20190212,600733.SH,107028.22
281,276.0,276.0,66003.766,0.14999999999999947,7.89,7.89,7.76,7.77,1.938,7.74,20190211,600733.SH,84085.69
282,277.0,277.0,63682.983,0.22000000000000064,7.74,7.78,7.61,7.61,2.9255,7.52,20190201,600733.SH,82624.72
283,278.0,278.0,133219.696,-0.4600000000000009,7.52,7.96,7.5,7.81,-5.7644,7.98,20190131,600733.SH,172541.75
284,279.0,279.0,135270.525,-0.37999999999999895,7.98,8.3,7.93,8.24,-4.5455,8.36,20190130,600733.SH,166153.0
285,280.0,280.0,223172.027,0.35999999999999943,8.36,8.47,7.96,8.05,4.5,8.0,20190129,600733.SH,270542.11
286,281.0,281.0,104006.808,0.09999999999999963,8.0,8.2,7.89,7.91,1.2658,7.9,20190128,600733.SH,129512.63
287,282.0,282.0,66196.606,0.0,7.9,8.03,7.85,7.87,0.0,7.9,20190125,600733.SH,83552.5
288,283.0,283.0,63817.615,-0.049999999999999815,7.9,7.99,7.81,7.9,-0.6289,7.95,20190124,600733.SH,80856.58
289,284.0,284.0,66685.694,0.08999999999999986,7.95,8.08,7.8,7.8,1.145,7.86,20190123,600733.SH,83613.6
290,285.0,285.0,62844.662,-0.15999999999999925,7.86,8.02,7.84,8.02,-1.995,8.02,20190122,600733.SH,79498.3
291,286.0,286.0,70452.151,0.07999999999999917,8.02,8.09,7.88,7.92,1.0076,7.94,20190121,600733.SH,87925.15
292,287.0,287.0,85629.662,-0.01999999999999957,7.94,8.0,7.81,7.96,-0.2513,7.96,20190118,600733.SH,108269.94
293,288.0,288.0,135019.824,-0.29000000000000004,7.96,8.24,7.89,8.2,-3.5152,8.25,20190117,600733.SH,168136.17
294,289.0,289.0,86761.897,0.0600000000000005,8.25,8.36,8.22,8.25,0.7326,8.19,20190116,600733.SH,104862.4
295,290.0,290.0,72713.826,0.009999999999999787,8.19,8.21,8.09,8.18,0.1222,8.18,20190115,600733.SH,89065.35
296,291.0,291.0,67043.872,-0.08000000000000007,8.18,8.29,8.13,8.29,-0.9685,8.26,20190114,600733.SH,81838.19
297,292.0,292.0,89983.274,0.0600000000000005,8.26,8.29,8.12,8.22,0.7317,8.2,20190111,600733.SH,109477.0
298,293.0,293.0,166056.94400000002,-0.2700000000000013,8.2,8.46,8.18,8.37,-3.1877,8.47,20190110,600733.SH,200025.96
299,294.0,294.0,272245.694,-0.16000000000000014,8.47,8.97,8.44,8.68,-1.854,8.63,20190109,600733.SH,311372.37
300,295.0,295.0,230718.28,0.4400000000000013,8.63,8.79,8.13,8.15,5.3724,8.19,20190108,600733.SH,272162.13
301,296.0,296.0,147407.916,0.17999999999999972,8.19,8.25,8.03,8.09,2.2472,8.01,20190107,600733.SH,180828.8
302,297.0,297.0,123630.395,0.21,8.01,8.03,7.56,7.67,2.6923,7.8,20190104,600733.SH,157987.22
303,298.0,298.0,80598.052,-0.009999999999999787,7.8,7.97,7.8,7.89,-0.128,7.81,20190103,600733.SH,102346.68
304,299.0,299.0,87333.07,-0.15000000000000036,7.81,8.05,7.75,8.01,-1.8844,7.96,20190102,600733.SH,111049.16
305,300.0,300.0,109887.88,0.08000000000000007,7.96,8.08,7.71,7.9,1.0152,7.88,20181228,600733.SH,138822.06
306,301.0,301.0,109569.638,-0.22999999999999954,7.88,8.32,7.87,8.26,-2.8360000000000003,8.11,20181227,600733.SH,135176.75
307,302.0,302.0,83679.38799999999,-0.13000000000000078,8.11,8.3,8.08,8.27,-1.5777,8.24,20181226,600733.SH,102374.09
308,303.0,303.0,129524.593,-0.10999999999999943,8.24,8.33,7.95,8.33,-1.3174,8.35,20181225,600733.SH,158993.02
309,304.0,304.0,80854.489,0.09999999999999963,8.35,8.37,8.24,8.29,1.2121,8.25,20181224,600733.SH,97401.55
310,305.0,305.0,123915.05,-0.25,8.25,8.53,8.09,8.49,-2.9412,8.5,20181221,600733.SH,149150.27
311,306.0,306.0,111177.548,-0.029999999999999364,8.5,8.64,8.35,8.5,-0.3517,8.53,20181220,600733.SH,130654.29
312,307.0,307.0,119462.958,-0.37000000000000105,8.53,8.94,8.53,8.9,-4.1573,8.9,20181219,600733.SH,137069.71
313,308.0,308.0,129521.244,0.0600000000000005,8.9,8.97,8.66,8.79,0.6787,8.84,20181218,600733.SH,146522.3
314,309.0,309.0,126212.633,-0.16000000000000014,8.84,8.93,8.6,8.82,-1.7778,9.0,20181217,600733.SH,143697.43
315,310.0,310.0,232255.562,-0.4499999999999993,9.0,9.53,8.97,9.5,-4.7619,9.45,20181214,600733.SH,252507.52
316,311.0,311.0,192589.494,-0.14000000000000054,9.45,9.7,9.35,9.65,-1.4599,9.59,20181213,600733.SH,202474.04
317,312.0,312.0,179379.87699999995,0.14000000000000054,9.59,9.69,9.45,9.52,1.4815,9.45,20181212,600733.SH,187220.64
318,313.0,313.0,170926.522,-0.05000000000000071,9.45,9.64,9.32,9.53,-0.5263,9.5,20181211,600733.SH,180719.11
319,314.0,314.0,175923.062,-0.34999999999999964,9.5,9.84,9.4,9.77,-3.5533,9.85,20181210,600733.SH,183183.2
320,315.0,315.0,143518.216,0.09999999999999963,9.85,9.94,9.74,9.84,1.0256,9.75,20181207,600733.SH,146003.87
321,316.0,316.0,259539.257,-0.3800000000000008,9.75,10.27,9.7,10.03,-3.7512,10.13,20181206,600733.SH,260808.23
322,317.0,317.0,325342.458,-0.2699999999999996,10.13,10.3,10.07,10.17,-2.5962,10.4,20181205,600733.SH,320125.19
323,318.0,318.0,465263.885,0.2599999999999998,10.4,10.67,10.01,10.08,2.5641,10.14,20181204,600733.SH,448536.92
324,319.0,319.0,347553.255,0.2599999999999998,10.14,10.29,9.91,10.22,2.6316,9.88,20181203,600733.SH,343567.83
325,320.0,320.0,301981.243,0.25,9.88,10.07,9.55,9.62,2.5961,9.63,20181130,600733.SH,308463.04
326,321.0,321.0,388663.645,-0.629999999999999,9.63,10.48,9.63,10.26,-6.1404,10.26,20181129,600733.SH,383023.63
327,322.0,322.0,351714.234,0.08000000000000007,10.26,10.47,10.01,10.12,0.7859,10.18,20181128,600733.SH,344586.52
328,323.0,323.0,465222.608,0.15000000000000036,10.18,10.51,9.96,10.0,1.4955,10.03,20181127,600733.SH,453333.73
329,324.0,324.0,427784.315,0.25,10.03,10.25,9.41,9.65,2.5562,9.78,20181126,600733.SH,435849.97
330,325.0,325.0,699319.198,-0.4400000000000013,9.78,10.78,9.77,10.44,-4.3053,10.22,20181123,600733.SH,678497.3
331,326.0,326.0,452030.906,0.9300000000000016,10.22,10.22,9.24,9.35,10.0108,9.29,20181122,600733.SH,459218.85
332,327.0,327.0,225310.67,-0.15000000000000036,9.29,9.4,9.1,9.2,-1.589,9.44,20181121,600733.SH,243647.57
333,328.0,328.0,408219.084,-0.05000000000000071,9.44,9.87,9.33,9.37,-0.5269,9.49,20181120,600733.SH,426970.55
334,329.0,329.0,378069.643,0.3200000000000003,9.49,9.68,8.91,9.16,3.4896,9.17,20181119,600733.SH,407171.17
335,330.0,330.0,331817.061,0.16999999999999993,9.17,9.37,8.94,9.0,1.8889,9.0,20181116,600733.SH,359749.37
336,331.0,331.0,232039.554,-0.0600000000000005,9.0,9.06,8.88,8.91,-0.6623,9.06,20181115,600733.SH,258885.05
