,Unnamed: 0,Unnamed: 0.1,amount,change,close,high,low,open,pct_chg,pre_close,trade_date,ts_code,vol
0,,,64003.84,-0.1299999999999999,6.13,6.24,6.08,6.22,-2.0767,6.26,20200410,601958.SH,104022.75
1,,,81861.84,0.02999999999999936,6.26,6.31,6.17,6.26,0.4815,6.23,20200409,601958.SH,131023.27
2,,,50391.789,-0.009999999999999787,6.23,6.27,6.16,6.21,-0.1603,6.24,20200408,601958.SH,81201.57
3,,,69394.044,0.11000000000000032,6.24,6.25,6.16,6.21,1.7945,6.13,20200407,601958.SH,111697.65
0,0.0,,53209.942,-0.0600000000000005,6.13,6.23,6.1,6.16,-0.9693,6.19,20200403,601958.SH,86438.37
1,1.0,,71817.545,0.1200000000000001,6.19,6.19,6.01,6.05,1.9769,6.07,20200402,601958.SH,117113.53
2,2.0,,51906.44,0.020000000000000462,6.07,6.14,5.98,5.98,0.3306,6.05,20200401,601958.SH,85497.31
3,3.0,,68517.915,0.10999999999999943,6.05,6.13,5.93,6.0,1.8519,5.94,20200331,601958.SH,113773.53
4,4.0,,54450.97900000001,-0.14999999999999947,5.94,6.06,5.9,6.03,-2.4631,6.09,20200330,601958.SH,91439.06
5,0.0,0.0,50208.317,-0.009999999999999787,6.09,6.17,6.08,6.14,-0.1639,6.1,20200327,601958.SH,81941.01
6,1.0,1.0,59230.043,-0.10000000000000052,6.1,6.19,6.08,6.15,-1.6129,6.2,20200326,601958.SH,96505.27
7,2.0,2.0,80979.07400000001,0.1200000000000001,6.2,6.27,6.12,6.21,1.9737,6.08,20200325,601958.SH,130826.14
8,3.0,3.0,60313.155,0.16000000000000014,6.08,6.12,6.0,6.04,2.7027,5.92,20200324,601958.SH,99537.98
9,4.0,4.0,62783.491,-0.20000000000000012,5.92,6.05,5.9,6.0,-3.268,6.12,20200323,601958.SH,105290.87
10,5.0,5.0,61699.18700000001,0.1299999999999999,6.12,6.15,6.02,6.05,2.1703,5.99,20200320,601958.SH,101447.46
11,6.0,6.0,83591.645,0.0,5.99,6.06,5.86,5.96,0.0,5.99,20200319,601958.SH,140582.0
12,7.0,7.0,88323.023,-0.16999999999999993,5.99,6.21,5.99,6.16,-2.7597,6.16,20200318,601958.SH,144539.18
13,8.0,8.0,77308.228,0.07000000000000027,6.16,6.21,5.99,6.13,1.1494,6.09,20200317,601958.SH,126748.61
14,9.0,9.0,94624.622,-0.1900000000000004,6.09,6.35,6.07,6.3,-3.0255,6.28,20200316,601958.SH,152055.07
15,10.0,10.0,113121.034,-0.1200000000000001,6.28,6.35,6.09,6.14,-1.875,6.4,20200313,601958.SH,182501.0
16,11.0,11.0,86919.09300000001,-0.1299999999999999,6.4,6.46,6.35,6.43,-1.9908,6.53,20200312,601958.SH,135930.68
17,12.0,12.0,85990.914,-0.040000000000000036,6.53,6.61,6.52,6.6,-0.6088,6.57,20200311,601958.SH,130985.76
18,13.0,13.0,135415.52800000002,0.07000000000000027,6.57,6.6,6.34,6.41,1.0769,6.5,20200310,601958.SH,208776.12
19,14.0,14.0,159081.97400000002,-0.2599999999999998,6.5,6.68,6.48,6.68,-3.8462,6.76,20200309,601958.SH,242597.31
20,15.0,15.0,119784.044,-0.03000000000000025,6.76,6.8,6.7,6.7,-0.4418,6.79,20200306,601958.SH,177348.61
21,16.0,16.0,164603.416,0.16000000000000014,6.79,6.82,6.63,6.67,2.4133,6.63,20200305,601958.SH,244274.36
22,17.0,17.0,101545.688,0.01999999999999957,6.63,6.68,6.53,6.61,0.3026,6.61,20200304,601958.SH,153992.18
23,18.0,18.0,124722.772,0.010000000000000677,6.61,6.77,6.57,6.69,0.1515,6.6,20200303,601958.SH,186783.0
24,19.0,19.0,117386.673,0.15999999999999925,6.6,6.67,6.48,6.51,2.4845,6.44,20200302,601958.SH,178448.22
25,20.0,20.0,184794.302,-0.3799999999999999,6.44,6.69,6.4,6.68,-5.5718,6.82,20200228,601958.SH,283204.16
26,21.0,21.0,126210.064,-0.08999999999999986,6.82,6.95,6.78,6.91,-1.3025,6.91,20200227,601958.SH,184467.62
27,22.0,22.0,183505.286,0.03000000000000025,6.91,7.04,6.72,6.8,0.436,6.88,20200226,601958.SH,266395.35
28,23.0,23.0,203593.989,-0.17999999999999972,6.88,6.92,6.69,6.85,-2.5496,7.06,20200225,601958.SH,298058.11
29,24.0,24.0,144451.962,0.009999999999999787,7.06,7.16,6.95,7.09,0.1418,7.05,20200224,601958.SH,205186.99
30,25.0,25.0,158337.434,0.08000000000000007,7.05,7.13,6.95,6.96,1.1478,6.97,20200221,601958.SH,224928.27
31,26.0,26.0,123689.631,0.10999999999999943,6.97,6.98,6.83,6.86,1.6035,6.86,20200220,601958.SH,178975.18
32,27.0,27.0,248459.66600000003,-0.2599999999999998,6.86,7.05,6.84,7.01,-3.6517,7.12,20200219,601958.SH,358977.37
33,28.0,28.0,212680.89,-0.1200000000000001,7.12,7.23,7.08,7.22,-1.6575,7.24,20200218,601958.SH,298413.91
34,29.0,29.0,254355.493,0.009999999999999787,7.24,7.24,7.06,7.13,0.1383,7.23,20200217,601958.SH,356255.98
35,30.0,30.0,311993.42100000003,0.28000000000000025,7.23,7.49,6.86,6.9,4.0288,6.95,20200214,601958.SH,434645.76
36,31.0,31.0,205618.8,-0.0699999999999994,6.95,7.13,6.82,6.96,-0.9972,7.02,20200213,601958.SH,295179.5
37,32.0,32.0,242498.978,0.28999999999999915,7.02,7.12,6.65,6.68,4.3091,6.73,20200212,601958.SH,349988.88
38,33.0,33.0,113861.457,0.0600000000000005,6.73,6.78,6.64,6.67,0.8996,6.67,20200211,601958.SH,169788.41
39,34.0,34.0,119685.753,0.16999999999999993,6.67,6.68,6.45,6.5,2.6154,6.5,20200210,601958.SH,181666.65
40,35.0,35.0,97146.292,-0.049999999999999815,6.5,6.54,6.44,6.54,-0.7634,6.55,20200207,601958.SH,150017.89
41,36.0,36.0,110694.186,0.049999999999999815,6.55,6.58,6.42,6.5,0.7692,6.5,20200206,601958.SH,170274.46
42,37.0,37.0,116940.802,0.1299999999999999,6.5,6.62,6.4,6.41,2.0408,6.37,20200205,601958.SH,179544.4
43,38.0,38.0,139328.302,-0.1899999999999995,6.37,6.52,6.18,6.18,-2.8963,6.56,20200204,601958.SH,217865.01
44,39.0,39.0,48861.386,-0.7300000000000004,6.56,6.6,6.56,6.56,-10.0137,7.29,20200203,601958.SH,74476.0
45,40.0,40.0,98928.514,-0.2699999999999996,7.29,7.52,7.22,7.49,-3.5714,7.56,20200123,601958.SH,134377.18
46,41.0,41.0,80754.405,0.05999999999999961,7.56,7.59,7.34,7.49,0.8,7.5,20200122,601958.SH,108137.9
47,42.0,42.0,89069.451,-0.20000000000000012,7.5,7.69,7.5,7.68,-2.5974,7.7,20200121,601958.SH,117904.38
48,43.0,43.0,75431.163,-0.05999999999999961,7.7,7.71,7.63,7.7,-0.7732,7.76,20200120,601958.SH,98224.33
49,44.0,44.0,84825.98599999999,0.08000000000000007,7.76,7.78,7.63,7.68,1.0417,7.68,20200117,601958.SH,109851.41
50,45.0,45.0,103713.361,-0.10000000000000052,7.68,7.87,7.67,7.77,-1.2853,7.78,20200116,601958.SH,133961.57
51,46.0,46.0,144031.929,-0.22999999999999954,7.78,8.06,7.75,7.98,-2.8714,8.01,20200115,601958.SH,183847.44
52,47.0,47.0,190414.771,0.029999999999999364,8.01,8.22,7.95,7.95,0.3759,7.98,20200114,601958.SH,235243.77
53,48.0,48.0,108276.125,0.10000000000000052,7.98,7.99,7.79,7.85,1.269,7.88,20200113,601958.SH,137347.42
54,49.0,49.0,81931.133,-0.03000000000000025,7.88,8.04,7.85,7.92,-0.3793,7.91,20200110,601958.SH,103409.77
55,50.0,50.0,95351.478,0.0,7.91,8.0,7.82,7.95,0.0,7.91,20200109,601958.SH,120686.16
56,51.0,51.0,123752.495,-0.08999999999999986,7.91,8.08,7.82,8.02,-1.125,8.0,20200108,601958.SH,155712.27
57,52.0,52.0,111010.558,-0.05000000000000071,8.0,8.08,7.95,8.04,-0.6211,8.05,20200107,601958.SH,138696.26
58,53.0,53.0,157926.84900000002,0.0600000000000005,8.05,8.09,7.89,7.92,0.7509,7.99,20200106,601958.SH,196902.14
59,54.0,54.0,139623.77300000002,-0.08000000000000007,7.99,8.17,7.95,8.07,-0.9913,8.07,20200103,601958.SH,173745.47
60,55.0,55.0,141924.073,0.0600000000000005,8.07,8.14,8.01,8.05,0.7491,8.01,20200102,601958.SH,176016.45
61,56.0,56.0,121229.62,-0.07000000000000027,8.01,8.1,7.91,8.04,-0.8663,8.08,20191231,601958.SH,151507.54
62,57.0,57.0,178635.016,0.11000000000000032,8.08,8.14,7.86,7.9,1.3802,7.97,20191230,601958.SH,223401.36
63,58.0,58.0,243639.581,0.1899999999999995,7.97,8.2,7.75,7.77,2.4422,7.78,20191227,601958.SH,305143.55
64,59.0,59.0,73431.02900000001,0.03000000000000025,7.78,7.82,7.67,7.77,0.3871,7.75,20191226,601958.SH,94826.3
65,60.0,60.0,121937.407,-0.1299999999999999,7.75,7.96,7.7,7.84,-1.6497,7.88,20191225,601958.SH,156245.45
66,61.0,61.0,199615.146,0.22999999999999954,7.88,8.0,7.45,7.55,3.0065,7.65,20191224,601958.SH,257024.94
67,62.0,62.0,200906.236,0.14000000000000054,7.65,7.93,7.55,7.6,1.8642,7.51,20191223,601958.SH,258339.13
68,63.0,63.0,107167.572,-0.21,7.51,7.74,7.51,7.72,-2.7202,7.72,20191220,601958.SH,140610.01
69,64.0,64.0,88570.725,0.0,7.72,7.74,7.62,7.73,0.0,7.72,20191219,601958.SH,115393.95
70,65.0,65.0,85821.78199999999,-0.010000000000000677,7.72,7.76,7.66,7.75,-0.1294,7.73,20191218,601958.SH,111559.77
71,66.0,66.0,138351.997,0.1800000000000006,7.73,7.75,7.52,7.55,2.3841,7.55,20191217,601958.SH,180496.29
72,67.0,67.0,120756.019,0.08000000000000007,7.55,7.6,7.36,7.48,1.071,7.47,20191216,601958.SH,160953.07
73,68.0,68.0,108545.921,0.16999999999999993,7.47,7.52,7.36,7.38,2.3288,7.3,20191213,601958.SH,145886.63
74,69.0,69.0,58777.162,-0.009999999999999787,7.3,7.42,7.29,7.31,-0.1368,7.31,20191212,601958.SH,80048.04
75,70.0,70.0,54355.542,-0.10000000000000052,7.31,7.43,7.26,7.42,-1.3495,7.41,20191211,601958.SH,74103.01
76,71.0,71.0,75938.194,0.08000000000000007,7.41,7.42,7.29,7.32,1.0914,7.33,20191210,601958.SH,102709.13
77,72.0,72.0,80404.27900000001,-0.01999999999999957,7.33,7.39,7.27,7.35,-0.2721,7.35,20191209,601958.SH,109817.32
78,73.0,73.0,65531.258,0.05999999999999961,7.35,7.42,7.26,7.26,0.823,7.29,20191206,601958.SH,89245.49
79,74.0,74.0,60068.136,-0.009999999999999787,7.29,7.33,7.23,7.29,-0.13699999999999998,7.3,20191205,601958.SH,82593.04
80,75.0,75.0,76768.055,0.1299999999999999,7.3,7.32,7.13,7.14,1.8131,7.17,20191204,601958.SH,105656.05
81,76.0,76.0,42391.526,0.009999999999999787,7.17,7.22,7.1,7.12,0.1397,7.16,20191203,601958.SH,59313.78
82,77.0,77.0,48359.176,-0.01999999999999957,7.16,7.23,7.14,7.15,-0.2786,7.18,20191202,601958.SH,67319.19
83,78.0,78.0,49664.77,-0.040000000000000036,7.18,7.26,7.11,7.19,-0.5539999999999999,7.22,20191129,601958.SH,69280.79
84,79.0,79.0,44873.085,-0.049999999999999815,7.22,7.32,7.18,7.29,-0.6878,7.27,20191128,601958.SH,61940.51
85,80.0,80.0,96075.464,0.09999999999999963,7.27,7.37,7.17,7.25,1.3947,7.17,20191127,601958.SH,131525.13
86,81.0,81.0,67249.909,-0.0600000000000005,7.17,7.27,7.16,7.25,-0.8299,7.23,20191126,601958.SH,93155.34
87,82.0,82.0,85288.83099999999,0.09000000000000075,7.23,7.3,7.13,7.15,1.2605,7.14,20191125,601958.SH,117793.7
88,83.0,83.0,77573.193,-0.10000000000000052,7.14,7.32,7.1,7.23,-1.3812,7.24,20191122,601958.SH,107853.16
89,84.0,84.0,61747.60400000001,0.10000000000000052,7.24,7.27,7.1,7.1,1.4006,7.14,20191121,601958.SH,85621.5
90,85.0,85.0,79983.358,0.040000000000000036,7.14,7.2,7.02,7.08,0.5634,7.1,20191120,601958.SH,111958.57
91,86.0,86.0,64082.951,0.14999999999999947,7.1,7.12,6.92,6.94,2.1583,6.95,20191119,601958.SH,90695.04
92,87.0,87.0,64231.57900000001,0.1800000000000006,6.95,6.97,6.78,6.79,2.6588,6.77,20191118,601958.SH,93011.87
93,88.0,88.0,47916.221,-0.10000000000000052,6.77,6.91,6.75,6.85,-1.4556,6.87,20191115,601958.SH,70178.13
94,89.0,89.0,45376.21400000001,-0.05999999999999961,6.87,6.98,6.85,6.9,-0.8658,6.93,20191114,601958.SH,65817.58
95,90.0,90.0,44824.86,-0.020000000000000462,6.93,6.99,6.9,6.96,-0.2878,6.95,20191113,601958.SH,64494.51
96,91.0,91.0,57259.21599999999,-0.049999999999999815,6.95,7.05,6.86,7.04,-0.7143,7.0,20191112,601958.SH,82465.91
97,92.0,92.0,76666.149,-0.05999999999999961,7.0,7.12,6.97,7.02,-0.8499,7.06,20191111,601958.SH,108682.37
98,93.0,93.0,104923.344,0.10999999999999943,7.06,7.17,6.99,7.03,1.5827,6.95,20191108,601958.SH,148056.89
99,94.0,94.0,88280.024,-0.09999999999999963,6.95,7.12,6.95,7.03,-1.4184,7.05,20191107,601958.SH,125578.25
100,95.0,95.0,70612.82400000001,-0.0600000000000005,7.05,7.15,7.01,7.07,-0.8439,7.11,20191106,601958.SH,99917.1
101,96.0,96.0,97334.247,-0.08000000000000007,7.11,7.19,7.03,7.17,-1.1127,7.19,20191105,601958.SH,137116.8
102,97.0,97.0,151682.111,-0.27999999999999936,7.19,7.4,7.13,7.37,-3.7483,7.47,20191104,601958.SH,210121.54
103,98.0,98.0,76617.16900000001,0.3099999999999996,7.47,7.47,7.1,7.13,4.3296,7.16,20191101,601958.SH,105236.07
104,99.0,99.0,50534.983,-0.08999999999999986,7.16,7.33,7.13,7.22,-1.2414,7.25,20191031,601958.SH,70250.49
105,100.0,100.0,56142.397,0.01989999999999981,7.2523,7.302,7.1926,7.1926,0.2752,7.2324,20191030,601958.SH,76859.85
106,101.0,101.0,50473.332,-0.04969999999999963,7.2324,7.2821,7.1826,7.2523,-0.6825,7.2821,20191029,601958.SH,69449.82
107,102.0,102.0,86980.395,0.18900000000000008,7.2821,7.302,7.0931,7.1031,2.6646,7.0931,20191028,601958.SH,119690.6
108,103.0,103.0,47614.02400000001,0.04969999999999963,7.0931,7.1329,7.0135,7.0633,0.7056,7.0434,20191025,601958.SH,66945.13
109,104.0,104.0,49030.576,-0.05970000000000032,7.0434,7.1031,6.9638,7.1031,-0.8405,7.1031,20191024,601958.SH,69542.22
110,105.0,105.0,43284.819,-0.05959999999999965,7.1031,7.2025,7.0434,7.1627,-0.8321,7.1627,20191023,601958.SH,60632.96
111,106.0,106.0,97778.661,0.20889999999999986,7.1627,7.2821,6.9638,6.9638,3.0041,6.9538,20191022,601958.SH,136174.03
112,107.0,107.0,84646.729,-0.13929999999999956,6.9538,7.122999999999998,6.9339,7.0931,-1.9639,7.0931,20191021,601958.SH,120387.46
113,108.0,108.0,86479.72300000001,-0.11940000000000064,7.0931,7.2423,7.0732,7.2224,-1.6555,7.2125,20191018,601958.SH,120575.87
114,109.0,109.0,68223.384,-0.05969999999999943,7.2125,7.2722,7.1727,7.2722,-0.8209,7.2722,20191017,601958.SH,94202.99
115,110.0,110.0,97182.412,-0.08950000000000014,7.2722,7.3916,7.2224,7.3418,-1.2158,7.3617,20191016,601958.SH,132775.54
116,111.0,111.0,116888.182,-0.05970000000000032,7.3617,7.4214,7.2523,7.4015,-0.8044,7.4214,20191015,601958.SH,158495.19
117,112.0,112.0,281078.917,-0.3182999999999998,7.4214,7.7298,7.3816,7.7,-4.1126,7.7397,20191014,601958.SH,373617.04
118,113.0,113.0,189730.213,0.03969999999999985,7.7397,7.8392,7.5607,7.6602,0.5156,7.7,20191011,601958.SH,245655.44
119,114.0,114.0,216565.667,0.04980000000000029,7.7,7.7696,7.491,7.7199,0.6509999999999999,7.6502,20191010,601958.SH,281403.38
120,115.0,115.0,341722.62,0.5968999999999998,7.6502,7.7596,7.0832,7.1429,8.4627,7.0533,20191009,601958.SH,447949.88
121,116.0,116.0,182791.29100000003,-0.4576000000000002,7.0533,7.4811,6.9936,7.4214,-6.0925,7.5109,20191008,601958.SH,254422.93
122,117.0,117.0,138103.334,0.2487000000000004,7.5109,7.6204,7.2722,7.312,3.4246,7.2622,20190930,601958.SH,182433.73
123,118.0,118.0,110245.663,-0.17910000000000004,7.2622,7.491,7.2324,7.4115,-2.4068,7.4413,20190927,601958.SH,149476.64
124,119.0,119.0,106382.864,-0.029799999999999827,7.4413,7.6502,7.4314,7.491,-0.3989,7.4711,20190926,601958.SH,140548.6
125,120.0,120.0,93154.726,-0.1294000000000004,7.4711,7.6104,7.4214,7.5607,-1.7025,7.6005,20190925,601958.SH,123608.69
126,121.0,121.0,168749.796,0.2487000000000004,7.6005,7.6701,7.3319,7.3518,3.3828,7.3518,20190924,601958.SH,222345.27
127,122.0,122.0,105119.271,0.04980000000000029,7.3518,7.4811,7.2224,7.2921,0.682,7.302,20190923,601958.SH,142079.18
128,123.0,123.0,76622.391,-0.0697000000000001,7.302,7.3916,7.2224,7.3916,-0.9455,7.3717,20190920,601958.SH,104477.96
129,124.0,124.0,75686.037,0.09949999999999992,7.3717,7.3816,7.2523,7.312,1.3682,7.2722,20190919,601958.SH,102783.46
130,125.0,125.0,67341.392,0.07960000000000013,7.2722,7.2921,7.1727,7.1926,1.1067,7.1926,20190918,601958.SH,92500.84
131,126.0,126.0,92611.923,-0.0398000000000005,7.1926,7.2722,7.1627,7.2722,-0.5503,7.2324,20190917,601958.SH,127562.11
132,127.0,127.0,87497.96,-0.07960000000000013,7.2324,7.3816,7.1926,7.3816,-1.0886,7.312,20190916,601958.SH,119777.49
133,128.0,128.0,92992.868,0.05970000000000032,7.312,7.4413,7.2224,7.4413,0.8232,7.2523,20190912,601958.SH,126859.38
134,129.0,129.0,99921.529,0.029899999999999594,7.2523,7.312,7.1528,7.2622,0.414,7.2224,20190911,601958.SH,137320.36
135,130.0,130.0,126772.373,0.07950000000000035,7.2224,7.2821,7.1031,7.113,1.113,7.1429,20190910,601958.SH,174858.64
136,131.0,131.0,95906.452,0.03979999999999961,7.1429,7.1528,7.0434,7.1429,0.5603,7.1031,20190909,601958.SH,134204.8
137,132.0,132.0,99613.558,0.08960000000000079,7.1031,7.113,7.0036,7.0135,1.2775,7.0135,20190906,601958.SH,140066.61
138,133.0,133.0,141400.12900000002,0.0,7.0135,7.1528,7.0135,7.0533,0.0,7.0135,20190905,601958.SH,198687.32
139,134.0,134.0,107282.728,0.11939999999999973,7.0135,7.0135,6.8742,6.9339,1.7319,6.8941,20190904,601958.SH,152860.48
140,135.0,135.0,85095.163,0.029799999999999827,6.8941,6.9339,6.8146,6.8544,0.4341,6.8643,20190903,601958.SH,123038.51
141,136.0,136.0,127365.331,0.2487000000000004,6.8643,6.9041,6.6255,6.6454,3.7593,6.6156,20190902,601958.SH,186255.53
142,137.0,137.0,69425.864,-0.0398000000000005,6.6156,6.725,6.5659,6.7051,-0.598,6.6554,20190830,601958.SH,104233.4
143,138.0,138.0,76519.171,0.009999999999999787,6.6554,6.7549,6.5659,6.6554,0.1505,6.6454,20190829,601958.SH,114521.02
144,139.0,139.0,80210.761,0.04970000000000052,6.6454,6.7051,6.5957,6.6554,0.7535,6.5957,20190828,601958.SH,120033.78
145,140.0,140.0,93016.859,0.03979999999999961,6.5957,6.6653,6.5559,6.5858,0.6071,6.5559,20190827,601958.SH,139831.04
146,141.0,141.0,78620.467,0.04970000000000052,6.5559,6.5858,6.3271,6.3768,0.7639,6.5062,20190826,601958.SH,120308.82
147,142.0,142.0,70789.149,-0.00990000000000002,6.5062,6.5758,6.4763,6.546,-0.1519,6.5161,20190823,601958.SH,107887.38
148,143.0,143.0,62448.999,0.00990000000000002,6.5161,6.5261,6.4266,6.5062,0.1522,6.5062,20190822,601958.SH,95996.7
149,144.0,144.0,49839.684,-0.029799999999999827,6.5062,6.5559,6.4863,6.5559,-0.4559,6.5360000000000005,20190821,601958.SH,76099.27
150,145.0,145.0,85963.478,-0.029900000000000482,6.5360000000000005,6.6454,6.4962,6.546,-0.4554,6.5659,20190820,601958.SH,130093.43
151,146.0,146.0,92751.802,0.1294000000000004,6.5659,6.5758,6.4067,6.4763,2.0104,6.4365,20190819,601958.SH,142029.24
152,147.0,147.0,77644.37,-0.010000000000000677,6.4365,6.4962,6.4266,6.4465,-0.1551,6.4465,20190816,601958.SH,119582.65
153,148.0,148.0,86195.45800000001,-0.09949999999999992,6.4465,6.4763,6.3171,6.3669,-1.52,6.546,20190815,601958.SH,133683.7
154,149.0,149.0,90420.746,-0.01989999999999981,6.546,6.5957,6.5161,6.5758,-0.3031,6.5659,20190814,601958.SH,137215.56
155,150.0,150.0,108187.778,0.01989999999999981,6.5659,6.5957,6.4465,6.4962,0.304,6.546,20190813,601958.SH,164759.9
156,151.0,151.0,159911.114,-0.18900000000000008,6.546,6.7151,6.4564,6.6852,-2.8062,6.735,20190812,601958.SH,243231.65
157,152.0,152.0,227873.389,-0.2685999999999993,6.735,7.0434,6.7151,7.0334,-3.8352,7.0036,20190809,601958.SH,331057.73
158,153.0,153.0,333897.966,-0.2586000000000004,7.0036,7.2125,6.9439,7.1429,-3.5609,7.2622,20190808,601958.SH,471488.34
159,154.0,154.0,406989.85,0.6367000000000003,7.2622,7.2921,6.735,6.735,9.6098,6.6255,20190807,601958.SH,568158.31
160,155.0,155.0,88504.025,-0.16920000000000002,6.6255,6.8842,6.5957,6.6653,-2.4902,6.7947,20190806,601958.SH,131790.08
161,156.0,156.0,89766.648,0.01989999999999981,6.7947,6.8941,6.735,6.7748,0.2937,6.7748,20190805,601958.SH,130837.25
162,157.0,157.0,80836.829,-0.04969999999999963,6.7748,6.8146,6.5858,6.6355,-0.7283,6.8245,20190802,601958.SH,119538.09
163,158.0,158.0,100476.733,-0.1990000000000008,6.8245,6.9439,6.8046,6.9439,-2.8333,7.0235,20190801,601958.SH,145780.64
164,159.0,159.0,85522.781,0.01990000000000069,7.0235,7.0235,6.8544,6.9737,0.2841,7.0036,20190731,601958.SH,122640.47
165,160.0,160.0,61642.881,-0.00990000000000002,7.0036,7.0931,6.9737,6.9936,-0.1412,7.0135,20190730,601958.SH,87248.24
166,161.0,161.0,97328.135,-0.029900000000000482,7.0135,7.1031,6.9638,7.0135,-0.4245,7.0434,20190729,601958.SH,137558.76
167,162.0,162.0,140409.811,0.11939999999999973,7.0434,7.122999999999998,6.924,7.0235,1.7244,6.924,20190726,601958.SH,198542.6
168,163.0,163.0,89541.519,-0.06959999999999944,6.924,6.9936,6.8245,6.9439,-0.9952,6.9936,20190725,601958.SH,128792.04
169,164.0,164.0,120590.821,0.04969999999999963,6.9936,7.1826,6.9439,7.0533,0.7157,6.9439,20190724,601958.SH,170025.53
170,165.0,165.0,70511.773,0.009999999999999787,6.9439,7.0235,6.8842,6.9339,0.1442,6.9339,20190723,601958.SH,100912.82
171,166.0,166.0,122889.605,-0.06969999999999921,6.9339,7.0732,6.8345,7.0235,-0.9952,7.0036,20190722,601958.SH,175499.99
172,167.0,167.0,133954.971,0.14919999999999956,7.0036,7.0931,6.9339,6.9936,2.1767,6.8544,20190719,601958.SH,189779.57
173,168.0,168.0,122044.75,-0.08950000000000014,6.8544,7.1031,6.8544,7.0135,-1.2889,6.9439,20190718,601958.SH,174493.56
174,169.0,169.0,108728.31,0.0398000000000005,6.9439,7.0135,6.9041,6.9638,0.5765,6.9041,20190717,601958.SH,155590.08
175,170.0,170.0,118357.762,0.11939999999999973,6.9041,6.9439,6.7549,6.7549,1.7598,6.7847,20190716,601958.SH,170893.0
176,171.0,171.0,117358.966,0.21879999999999988,6.7847,6.8444,6.5659,6.6156,3.3324,6.5659,20190715,601958.SH,173488.6
177,172.0,172.0,59828.038,0.1294000000000004,6.5659,6.6056,6.4166,6.4863,2.0104,6.4365,20190712,601958.SH,90965.32
178,173.0,173.0,46395.743,0.10939999999999994,6.4365,6.4962,6.3569,6.3569,1.7291,6.3271,20190711,601958.SH,71595.57
179,174.0,174.0,46623.192,-0.05970000000000032,6.3271,6.4763,6.2973,6.4266,-0.9347,6.3868,20190710,601958.SH,72436.4
180,175.0,175.0,56617.609,0.14920000000000044,6.3868,6.3868,6.2475,6.2973,2.3919,6.2376,20190709,601958.SH,88992.59
181,176.0,176.0,70681.913,-0.3382000000000005,6.2376,6.5758,6.2376,6.5659,-5.1431,6.5758,20190708,601958.SH,110710.17
182,177.0,177.0,38686.108,0.01989999999999981,6.5758,6.5957,6.4664,6.5858,0.3035,6.5559,20190705,601958.SH,58796.02
183,178.0,178.0,43338.753,-0.009999999999999787,6.5559,6.6156,6.5360000000000005,6.6156,-0.1523,6.5659,20190704,601958.SH,65509.92
184,179.0,179.0,75278.517,-0.16910000000000025,6.5659,6.725,6.5360000000000005,6.725,-2.5108,6.735,20190703,601958.SH,113487.59
185,180.0,180.0,78043.95,0.039200000000000124,6.7329,6.7623,6.6643,6.7035,0.5856,6.6937,20190702,601958.SH,113922.82
186,181.0,181.0,70621.571,0.12739999999999976,6.6937,6.7133,6.6153,6.6251,1.9402,6.5663,20190701,601958.SH,103681.56
187,182.0,182.0,59568.512,-0.10780000000000013,6.5663,6.6937,6.4879,6.6937,-1.6152,6.6741,20190628,601958.SH,88871.32
188,183.0,183.0,62735.984,0.009800000000000251,6.6741,6.7427,6.6349,6.6937,0.1471,6.6643,20190627,601958.SH,91873.87
189,184.0,184.0,48343.618,-0.019600000000000502,6.6643,6.7035,6.6251,6.6545,-0.2932,6.6839,20190626,601958.SH,71002.08
190,185.0,185.0,81394.146,-0.07839999999999936,6.6839,6.7721,6.6055,6.7623,-1.1594,6.7623,20190625,601958.SH,119596.36
191,186.0,186.0,90105.308,-0.019600000000000502,6.7623,6.7819,6.6545,6.7819,-0.289,6.7819,20190624,601958.SH,131142.36
192,187.0,187.0,128806.282,0.0,6.7819,6.8407,6.7231,6.7819,0.0,6.7819,20190621,601958.SH,186015.05
193,188.0,188.0,112235.547,0.12740000000000062,6.7819,6.7917,6.6153,6.7035,1.9145,6.6545,20190620,601958.SH,163591.85
194,189.0,189.0,88411.293,-0.009800000000000251,6.6545,6.8113,6.6447,6.7427,-0.1471,6.6643,20190619,601958.SH,128893.55
195,190.0,190.0,72094.09,-0.0686,6.6643,6.7525,6.5663,6.7035,-1.0189,6.7329,20190618,601958.SH,106196.84
196,191.0,191.0,109660.329,0.08819999999999961,6.7329,6.8603,6.6251,6.6741,1.3274,6.6447,20190617,601958.SH,159121.69
197,192.0,192.0,133720.041,-0.0686,6.6447,6.8015,6.6055,6.7133,-1.0219,6.7133,20190614,601958.SH,195796.63
198,193.0,193.0,139208.549,0.009800000000000251,6.7133,6.7917,6.6153,6.6153,0.1462,6.7035,20190613,601958.SH,203279.45
199,194.0,194.0,201202.751,0.11760000000000034,6.7035,6.8701,6.5663,6.5859,1.7856,6.5859,20190612,601958.SH,292702.67
200,195.0,195.0,153928.99,0.16659999999999986,6.5859,6.6349,6.3801,6.4193,2.5953,6.4193,20190611,601958.SH,229959.46
201,196.0,196.0,85760.99,0.0,6.4193,6.4977,6.2233,6.3801,0.0,6.4193,20190610,601958.SH,131480.4
202,197.0,197.0,66166.672,0.05879999999999973,6.4193,6.4781,6.3115,6.3605,0.9245,6.3605,20190606,601958.SH,101272.62
203,198.0,198.0,52119.63200000001,0.039200000000000124,6.3605,6.4683,6.3213,6.3997,0.6201,6.3213,20190605,601958.SH,79804.27
204,199.0,199.0,71296.007,-0.1764000000000001,6.3213,6.5271,6.3017,6.4977,-2.7148,6.4977,20190604,601958.SH,109249.57
205,200.0,200.0,102994.604,-0.01959999999999961,6.4977,6.5663,6.3801,6.5173,-0.3007,6.5173,20190603,601958.SH,155733.37
206,201.0,201.0,117300.035,-0.11760000000000034,6.5173,6.6741,6.4977,6.5565,-1.7724,6.6349,20190531,601958.SH,174907.81
207,202.0,202.0,186840.173,0.16659999999999986,6.6349,6.6741,6.3801,6.4193,2.5756,6.4683,20190530,601958.SH,278784.72
208,203.0,203.0,149725.981,0.039200000000000124,6.4683,6.5663,6.3605,6.3703,0.6097,6.4291,20190529,601958.SH,226913.88
209,204.0,204.0,98109.253,0.08819999999999961,6.4291,6.4487,6.3017,6.3311,1.391,6.3409,20190528,601958.SH,150690.96
210,205.0,205.0,64609.019,0.16660000000000075,6.3409,6.3703,6.1057,6.2135,2.6983,6.1743,20190527,601958.SH,100762.56
211,206.0,206.0,45763.22900000001,-0.05880000000000062,6.1743,6.3017,6.1547,6.2135,-0.9434,6.2331,20190524,601958.SH,71998.31
212,207.0,207.0,51669.848,-0.039200000000000124,6.2331,6.3017,6.1547,6.2527,-0.625,6.2723,20190523,601958.SH,81348.91
213,208.0,208.0,67938.128,-0.11759999999999947,6.2723,6.3703,6.2135,6.3703,-1.8404,6.3899,20190522,601958.SH,106077.68
214,209.0,209.0,107379.697,0.1567999999999996,6.3899,6.5173,6.1939,6.2331,2.5156,6.2331,20190521,601958.SH,165456.7
215,210.0,210.0,52685.74,0.11760000000000034,6.2331,6.2331,6.0469,6.0959,1.923,6.1155,20190520,601958.SH,83993.42
216,211.0,211.0,72166.537,-0.2450000000000001,6.1155,6.3507,6.0665,6.3213,-3.8519,6.3605,20190517,601958.SH,113809.41
217,212.0,212.0,97745.159,0.14700000000000024,6.3605,6.4095,6.1841,6.2037,2.3658,6.2135,20190516,601958.SH,151298.42
218,213.0,213.0,48752.436,0.0686,6.2135,6.2331,6.1155,6.1645,1.1164,6.1449,20190515,601958.SH,77313.74
219,214.0,214.0,43572.52400000001,0.0,6.1449,6.1841,6.0959,6.1351,0.0,6.1449,20190514,601958.SH,69401.76
220,215.0,215.0,35794.422,-0.0686,6.1449,6.1743,6.1155,6.1547,-1.104,6.2135,20190513,601958.SH,57088.88
221,216.0,216.0,63962.408,0.14700000000000024,6.2135,6.2429,6.0665,6.1155,2.4231,6.0665,20190510,601958.SH,101585.04
222,217.0,217.0,38580.16,-0.009800000000000251,6.0665,6.1351,6.0175,6.0567,-0.1613,6.0763,20190509,601958.SH,62162.18
223,218.0,218.0,51208.044,-0.029399999999999867,6.0763,6.1253,5.9881,5.9979,-0.4815,6.1057,20190508,601958.SH,82696.33
224,219.0,219.0,65403.041,0.039200000000000124,6.1057,6.1351,5.9881,6.0763,0.6462,6.0665,20190507,601958.SH,105638.14
225,220.0,220.0,111631.476,-0.4508000000000001,6.0665,6.3801,5.9783,6.3703,-6.917000000000002,6.5173,20190506,601958.SH,176341.0
226,221.0,221.0,60806.273,0.0686,6.5173,6.5761,6.4487,6.4977,1.0638,6.4487,20190430,601958.SH,91529.52
227,222.0,222.0,77277.275,-0.12740000000000062,6.4487,6.6251,6.4193,6.5761,-1.9373,6.5761,20190429,601958.SH,116608.34
228,223.0,223.0,82896.842,-0.05879999999999973,6.5761,6.6643,6.5467,6.6153,-0.8862,6.6349,20190426,601958.SH,122934.98
229,224.0,224.0,96853.288,-0.2253999999999996,6.6349,6.8897,6.6251,6.8407,-3.2856,6.8603,20190425,601958.SH,140180.1
230,225.0,225.0,87250.569,-0.009800000000000251,6.8603,6.9485,6.7623,6.9485,-0.1426,6.8701,20190424,601958.SH,125134.26
231,226.0,226.0,120732.301,-0.16659999999999986,6.8701,7.0171,6.8407,6.9779,-2.3676,7.0367,20190423,601958.SH,171118.63
232,227.0,227.0,102010.551,-0.1764000000000001,7.0367,7.2327,6.9877,7.2327,-2.4456,7.2131,20190422,601958.SH,141623.61
233,228.0,228.0,107433.689,0.04899999999999949,7.2131,7.2131,6.9975,7.1837,0.684,7.1641,20190419,601958.SH,148181.01
234,229.0,229.0,89397.864,0.009800000000000251,7.1641,7.2523,7.1543,7.1543,0.13699999999999998,7.1543,20190418,601958.SH,121771.55
235,230.0,230.0,118210.921,-0.05879999999999973,7.1543,7.2523,7.1053,7.2229,-0.8152,7.2131,20190417,601958.SH,161164.65
236,231.0,231.0,165742.628,0.18619999999999948,7.2131,7.2131,6.8897,7.0073,2.6498,7.0269,20190416,601958.SH,228793.42
237,232.0,232.0,132201.86800000002,0.0,7.0269,7.2131,7.0171,7.1641,0.0,7.0269,20190415,601958.SH,181431.45
238,233.0,233.0,116407.233,-0.009799999999999365,7.0269,7.1641,6.9779,7.1445,-0.1393,7.0367,20190412,601958.SH,161429.28
239,234.0,234.0,113297.198,-0.10780000000000013,7.0367,7.2327,7.0073,7.1739,-1.5089,7.1445,20190411,601958.SH,156082.06
240,235.0,235.0,125554.083,0.01959999999999961,7.1445,7.2621,7.1151,7.1347,0.2751,7.1249,20190410,601958.SH,171501.06
241,236.0,236.0,168894.823,-0.1567999999999996,7.1249,7.2817,7.0759,7.2817,-2.1533,7.2817,20190409,601958.SH,230900.92
242,237.0,237.0,217964.037,0.039200000000000124,7.2817,7.4581,7.1739,7.3209,0.5412,7.2425,20190408,601958.SH,292534.7
243,238.0,238.0,160478.5,0.0686,7.2425,7.3111,7.1641,7.2229,0.9562,7.1739,20190404,601958.SH,217835.81
244,239.0,239.0,204281.99,-0.049000000000000384,7.1739,7.3699,7.1151,7.2327,-0.6784,7.2229,20190403,601958.SH,277487.65
245,240.0,240.0,245725.669,0.1764000000000001,7.2229,7.2327,6.9975,7.0759,2.5034,7.0465,20190402,601958.SH,338941.17
246,241.0,241.0,210177.508,0.2645999999999997,7.0465,7.1151,6.7917,6.8015,3.9016,6.7819,20190401,601958.SH,294058.9
247,242.0,242.0,101325.297,0.2058,6.7819,6.7917,6.5565,6.5761,3.1295,6.5761,20190329,601958.SH,148380.19
248,243.0,243.0,65961.064,-0.029399999999999867,6.5761,6.6643,6.5467,6.5859,-0.4451,6.6055,20190328,601958.SH,97831.16
249,244.0,244.0,86546.444,-0.01959999999999961,6.6055,6.6839,6.5271,6.6447,-0.2958,6.6251,20190327,601958.SH,128380.08
250,245.0,245.0,98122.968,-0.1764000000000001,6.6251,6.8505,6.6055,6.8211,-2.5935,6.8015,20190326,601958.SH,143005.55
251,246.0,246.0,120358.778,-0.12739999999999976,6.8015,6.8701,6.7623,6.8015,-1.8387,6.9289,20190325,601958.SH,172853.72
252,247.0,247.0,116032.745,-0.05880000000000062,6.9289,7.0073,6.8407,6.9681,-0.8415,6.9877,20190322,601958.SH,164591.07
253,248.0,248.0,150699.366,0.049000000000000384,6.9877,7.0269,6.9289,6.9583,0.7062,6.9387,20190321,601958.SH,211475.41
254,249.0,249.0,144328.303,0.009800000000000251,6.9387,7.0073,6.8407,6.9485,0.1414,6.9289,20190320,601958.SH,204210.27
255,250.0,250.0,108548.034,-0.009800000000000251,6.9289,6.9779,6.8603,6.9289,-0.1412,6.9387,20190319,601958.SH,154171.3
256,251.0,251.0,143840.271,0.16659999999999986,6.9387,6.9485,6.8113,6.8113,2.4601,6.7721,20190318,601958.SH,204566.3
257,252.0,252.0,93115.604,0.0686,6.7721,6.8505,6.7133,6.7427,1.0233,6.7035,20190315,601958.SH,134754.46
258,253.0,253.0,123189.238,-0.0686,6.7035,6.9093,6.6545,6.7329,-1.013,6.7721,20190314,601958.SH,178745.38
259,254.0,254.0,143898.925,-0.08819999999999961,6.7721,6.9191,6.7427,6.8897,-1.2857,6.8603,20190313,601958.SH,206492.39
260,255.0,255.0,168565.45,-0.019600000000000502,6.8603,6.9779,6.7819,6.8995,-0.2849,6.8799,20190312,601958.SH,239335.65
261,256.0,256.0,128144.054,0.1764000000000001,6.8799,6.8799,6.6839,6.6839,2.6315,6.7035,20190311,601958.SH,184747.91
262,257.0,257.0,212663.711,-0.3625999999999996,6.7035,6.9877,6.6741,6.9779,-5.1315,7.0661,20190308,601958.SH,303542.23
263,258.0,258.0,267971.615,0.039199999999999235,7.0661,7.2621,6.9583,7.0073,0.5579,7.0269,20190307,601958.SH,369963.49
264,259.0,259.0,241022.816,0.12740000000000062,7.0269,7.1053,6.8799,6.9191,1.8465,6.8995,20190306,601958.SH,338233.27
265,260.0,260.0,123805.121,0.08819999999999961,6.8995,6.8995,6.7329,6.7917,1.2949,6.8113,20190305,601958.SH,177872.54
266,261.0,261.0,194451.421,0.05879999999999973,6.8113,6.9191,6.7427,6.8015,0.8708,6.7525,20190304,601958.SH,278856.0
267,262.0,262.0,101514.694,0.039200000000000124,6.7525,6.7721,6.6349,6.7427,0.5839,6.7133,20190301,601958.SH,148400.28
268,263.0,263.0,87924.086,0.0,6.7133,6.8015,6.6839,6.7525,0.0,6.7133,20190228,601958.SH,127890.36
269,264.0,264.0,191162.242,-0.16659999999999986,6.7133,6.9093,6.5957,6.8015,-2.4215,6.8799,20190227,601958.SH,276249.42
270,265.0,265.0,301237.13300000003,0.07840000000000025,6.8799,7.0367,6.6937,6.8603,1.1527,6.8015,20190226,601958.SH,429851.78
271,266.0,266.0,271622.105,0.3331999999999997,6.8015,6.8407,6.4977,6.4977,5.1513,6.4683,20190225,601958.SH,397259.8
272,267.0,267.0,88570.696,0.039200000000000124,6.4683,6.4879,6.3311,6.4193,0.6097,6.4291,20190222,601958.SH,135064.24
273,268.0,268.0,120569.273,-0.01959999999999961,6.4291,6.4977,6.3899,6.4585,-0.3039,6.4487,20190221,601958.SH,183222.08
274,269.0,269.0,131533.922,0.05879999999999973,6.4487,6.5663,6.3801,6.3899,0.9202,6.3899,20190220,601958.SH,198838.24
275,270.0,270.0,116675.284,-0.11760000000000034,6.3899,6.5369,6.3409,6.4781,-1.8071,6.5075,20190219,601958.SH,177795.04
276,271.0,271.0,147801.041,0.0882000000000005,6.5075,6.5173,6.3801,6.5075,1.374,6.4193,20190218,601958.SH,224166.38
277,272.0,272.0,96165.83,0.029399999999999867,6.4193,6.4291,6.2723,6.2821,0.4601,6.3899,20190215,601958.SH,148326.96
278,273.0,273.0,118934.183,-0.05879999999999973,6.3899,6.4781,6.3311,6.4487,-0.9118,6.4487,20190214,601958.SH,182398.86
279,274.0,274.0,194929.144,0.19599999999999973,6.4487,6.5957,6.3115,6.4781,3.1346,6.2527,20190213,601958.SH,296854.14
280,275.0,275.0,64237.867,0.07840000000000025,6.2527,6.2625,6.1253,6.1743,1.2698,6.1743,20190212,601958.SH,101741.5
281,276.0,276.0,57756.029,0.1372,6.1743,6.1841,6.0371,6.0469,2.2726,6.0371,20190211,601958.SH,92720.53
282,277.0,277.0,54944.872,0.0686,6.0371,6.0371,5.9587,5.9587,1.1494,5.9685,20190201,601958.SH,89820.12
283,278.0,278.0,63959.664,-0.009800000000000251,5.9685,6.0763,5.8999,5.9979,-0.1639,5.9783,20190131,601958.SH,104707.53
284,279.0,279.0,53141.957,0.0,5.9783,6.0861,5.9489,5.9587,0.0,5.9783,20190130,601958.SH,86860.96
285,280.0,280.0,73685.175,-0.1764000000000001,5.9783,6.1449,5.9293,6.1155,-2.8661,6.1547,20190129,601958.SH,120298.13
286,281.0,281.0,91513.488,-0.07840000000000025,6.1547,6.2821,6.0763,6.1939,-1.2578,6.2331,20190128,601958.SH,145484.76
287,282.0,282.0,95849.54,-0.04899999999999949,6.2331,6.3213,6.1645,6.2919,-0.78,6.2821,20190125,601958.SH,150294.11
288,283.0,283.0,143558.803,-0.19600000000000065,6.2821,6.5271,6.2135,6.3997,-3.0256,6.4781,20190124,601958.SH,221522.68
289,284.0,284.0,144336.16,0.11760000000000034,6.4781,6.5271,6.2429,6.2919,1.8489,6.3605,20190123,601958.SH,220552.26
290,285.0,285.0,92932.348,-0.049000000000000384,6.3605,6.4095,6.2331,6.3801,-0.7645,6.4095,20190122,601958.SH,144467.43
291,286.0,286.0,125957.137,0.09800000000000077,6.4095,6.4291,6.2331,6.3311,1.5527,6.3115,20190121,601958.SH,194898.94
292,287.0,287.0,178420.125,0.14699999999999935,6.3115,6.6055,6.1155,6.1547,2.3846,6.1645,20190118,601958.SH,273832.51
293,288.0,288.0,76268.914,0.09800000000000077,6.1645,6.1939,6.0175,6.0665,1.6154,6.0665,20190117,601958.SH,122181.36
294,289.0,289.0,43313.74400000001,-0.049000000000000384,6.0665,6.1449,6.0567,6.0959,-0.8012,6.1155,20190116,601958.SH,69712.1
295,290.0,290.0,68935.709,0.05879999999999973,6.1155,6.2135,6.0763,6.1743,0.9708,6.0567,20190115,601958.SH,110383.9
296,291.0,291.0,32267.248,-0.009799999999999365,6.0567,6.1057,6.0273,6.0469,-0.1615,6.0665,20190114,601958.SH,52144.28
297,292.0,292.0,36898.483,0.0686,6.0665,6.0763,5.9979,5.9979,1.1437,5.9979,20190111,601958.SH,59711.56
298,293.0,293.0,26513.162,0.009799999999999365,5.9979,6.0567,5.9881,5.9979,0.1637,5.9881,20190110,601958.SH,43117.33
299,294.0,294.0,46416.98,0.009800000000000251,5.9881,6.0861,5.9881,6.0175,0.1639,5.9783,20190109,601958.SH,75198.0
300,295.0,295.0,39218.797,-0.0686,5.9783,6.0469,5.9587,6.0469,-1.1345,6.0469,20190108,601958.SH,63997.23
301,296.0,296.0,67680.381,0.11760000000000034,6.0469,6.0763,5.9195,5.9489,1.9834,5.9293,20190107,601958.SH,110572.79
302,297.0,297.0,33317.27,0.12739999999999976,5.9293,5.9391,5.7725,5.7823,2.1958,5.8019,20190104,601958.SH,55509.03
303,298.0,298.0,29634.74,0.0,5.8019,5.8607,5.7627,5.8215,0.0,5.8019,20190103,601958.SH,49940.35
304,299.0,299.0,23140.057,0.0,5.8019,5.8411,5.7725,5.8117,0.0,5.8019,20190102,601958.SH,39077.87
305,300.0,300.0,21601.343,0.009800000000000251,5.8019,5.8509,5.7725,5.8509,0.1692,5.7921,20181228,601958.SH,36451.86
306,301.0,301.0,38541.455,-0.11760000000000034,5.7921,5.9783,5.7627,5.9587,-1.9899,5.9097,20181227,601958.SH,64246.12
307,302.0,302.0,18893.215,-0.009800000000000251,5.9097,5.9489,5.8705,5.9195,-0.1656,5.9195,20181226,601958.SH,31337.93
308,303.0,303.0,37998.068,-0.039200000000000124,5.9195,5.9685,5.8117,5.9489,-0.6579,5.9587,20181225,601958.SH,63372.61
309,304.0,304.0,24214.844,0.049000000000000384,5.9587,5.9783,5.8999,5.9293,0.8291,5.9097,20181224,601958.SH,39871.08
310,305.0,305.0,20755.037,-0.009800000000000251,5.9097,5.9489,5.8803,5.9489,-0.1656,5.9195,20181221,601958.SH,34413.47
311,306.0,306.0,26607.667,0.029399999999999867,5.9195,5.9587,5.8803,5.8901,0.4991,5.8901,20181220,601958.SH,44028.12
312,307.0,307.0,27426.735,0.009800000000000251,5.8901,5.9391,5.8803,5.8803,0.1667,5.8803,20181219,601958.SH,45460.02
313,308.0,308.0,33402.347,-0.009800000000000251,5.8803,5.9195,5.8215,5.8901,-0.1664,5.8901,20181218,601958.SH,55696.77
314,309.0,309.0,35690.845,0.029400000000000762,5.8901,5.9097,5.8117,5.8607,0.5016,5.8607,20181217,601958.SH,59642.38
315,310.0,310.0,73554.485,-0.12740000000000062,5.8607,5.9881,5.8509,5.9587,-2.1276,5.9881,20181214,601958.SH,121812.2
316,311.0,311.0,55222.071,0.009800000000000251,5.9881,6.0175,5.9097,5.9783,0.1639,5.9783,20181213,601958.SH,90519.49
317,312.0,312.0,32239.794,0.009800000000000251,5.9783,6.0175,5.9587,5.9783,0.1642,5.9685,20181212,601958.SH,52762.02
318,313.0,313.0,28621.925,0.01959999999999961,5.9685,5.9881,5.9195,5.9881,0.3295,5.9489,20181211,601958.SH,47077.22
319,314.0,314.0,36536.018,-0.029399999999999867,5.9489,6.0175,5.9293,5.9587,-0.4918,5.9783,20181210,601958.SH,59934.06
320,315.0,315.0,25002.125,0.05879999999999973,5.9783,6.0175,5.9293,6.0175,0.9933,5.9195,20181207,601958.SH,41081.01
321,316.0,316.0,33203.461,-0.039200000000000124,5.9195,5.9783,5.8999,5.9587,-0.6579,5.9587,20181206,601958.SH,54847.63
322,317.0,317.0,51041.657,-0.01959999999999961,5.9587,6.0469,5.8803,5.9097,-0.3279,5.9783,20181205,601958.SH,83707.42
323,318.0,318.0,29142.34,0.009800000000000251,5.9783,5.9979,5.9391,5.9783,0.1642,5.9685,20181204,601958.SH,47877.98
324,319.0,319.0,54085.531,0.11759999999999947,5.9685,6.0273,5.9195,5.9587,2.0099,5.8509,20181203,601958.SH,88771.79
325,320.0,320.0,37768.602,0.009800000000000251,5.8509,5.8901,5.7627,5.8117,0.1678,5.8411,20181130,601958.SH,63495.37
326,321.0,321.0,36651.982,-0.049000000000000384,5.8411,5.9685,5.8313,5.8999,-0.8319,5.8901,20181129,601958.SH,60753.7
327,322.0,322.0,27692.672,0.039200000000000124,5.8901,5.8999,5.7823,5.8607,0.67,5.8509,20181128,601958.SH,46312.74
328,323.0,323.0,26271.536,0.0,5.8509,5.8999,5.8215,5.8705,0.0,5.8509,20181127,601958.SH,43892.33
329,324.0,324.0,30869.586,0.039200000000000124,5.8509,5.8803,5.8117,5.8607,0.6745,5.8117,20181126,601958.SH,51714.3
330,325.0,325.0,55717.917,-0.2058,5.8117,6.0077,5.7921,5.9881,-3.42,6.0175,20181123,601958.SH,92975.06
331,326.0,326.0,45843.083,-0.039200000000000124,6.0175,6.0665,5.9783,6.0567,-0.6472,6.0567,20181122,601958.SH,74696.73
332,327.0,327.0,41970.722,-0.04899999999999949,6.0567,6.0665,5.9783,5.9783,-0.8025,6.1057,20181121,601958.SH,68280.42
333,328.0,328.0,58830.798,-0.14700000000000024,6.1057,6.2625,6.1057,6.2233,-2.351,6.2527,20181120,601958.SH,93119.36
334,329.0,329.0,51436.894,0.029399999999999867,6.2527,6.2527,6.1351,6.2037,0.4724,6.2233,20181119,601958.SH,81454.7
335,330.0,330.0,59846.881,0.0,6.2233,6.2625,6.1645,6.2331,0.0,6.2233,20181116,601958.SH,94402.56
336,331.0,331.0,46039.1,0.07840000000000025,6.2233,6.2331,6.1155,6.1155,1.2759,6.1449,20181115,601958.SH,72917.69
